'juvenile_snps'  !Dataset name
'juvenile_colony'  !Output file name
16         ! Number of offspring in the sample
950        ! Number of loci
100        ! Seed for random number generator
0          ! 0/1=Not updating/updating allele frequency
2          ! 2/1=Dioecious/Monoecious species
0          ! 0/1=No inbreeding/inbreeding
0          ! 0/1=Diploid species/HaploDiploid species
0  0       ! 0/1=Polygamy/Monogamy for males & females
0          ! 0/1=Clone inference =No/Yes
0          ! 0/1=Full sibship size scaling =No/Yes
0          ! 0,1,2,3=No,weak,medium,strong sibship size prior; mean paternal & meteral sibship size
0          ! 0/1=Unknown/Known population allele frequency
1         ! Number of runs
2         ! Length of run
0         ! 0/1=Monitor method by Iterate#/Time in second
100000    ! Monitor interval in Iterate# / in seconds
0         ! non-Windows version
1         ! Fulllikelihood
3         ! 1/2/3=low/medium/high Precision for Fulllikelihood

V@        !Marker names
0@        !Marker types, 0/1 = codominant/dominant
0.000@    !Allelic dropout rate  
0.0001@   !false allele rate

O137 2 1 2 1 2 2 2 1 1 1 2 1 2 1 1 1 2 2 2 1 1 1 2 1 2 1 2 1 1 1 2 1 2 2 2 2 2 1 2 2 2 1 1 1 2 2 2 1 1 1 1 1 1 1 2 1 2 1 2 1 2 1 1 1 2 2 2 1 1 1 2 1 2 2 2 2 2 1 2 1 1 1 2 1 2 2 2 2 2 1 1 1 2 2 1 1 2 1 2 1 2 1 2 1 1 1 2 1 2 1 2 1 1 1 2 1 2 1 2 1 1 1 1 1 2 2 2 1 2 1 2 2 1 1 2 1 1 1 2 1 2 1 2 2 2 1 2 2 2 1 2 1 2 2 2 1 1 1 2 2 1 1 2 1 2 1 2 1 1 1 2 2 2 1 2 1 2 1 2 1 2 2 2 2 2 1 1 1 2 1 1 1 1 1 2 1 2 1 2 1 1 1 1 1 2 1 1 1 2 1 2 1 2 1 2 1 2 2 1 1 2 1 1 1 2 1 1 1 1 1 2 1 2 1 2 1 1 1 2 1 2 1 2 1 2 1 2 2 2 1 2 2 1 1 2 2 2 1 2 1 2 1 1 1 2 1 2 1 1 1 2 2 2 1 2 1 2 1 2 1 2 1 1 1 2 1 1 1 2 1 2 1 2 1 2 2 2 1 2 1 2 1 2 1 2 1 2 1 2 2 2 1 2 2 2 1 1 1 2 2 2 1 2 1 2 1 2 1 2 1 2 2 2 1 2 1 2 1 1 1 2 1 2 1 1 1 2 1 1 1 2 2 2 1 2 1 2 1 1 1 1 1 1 1 2 2 2 2 1 1 2 1 1 1 2 1 2 1 2 1 2 1 2 1 1 1 2 1 2 1 2 2 2 2 2 1 1 1 2 1 2 2 2 2 2 1 1 1 2 2 1 1 2 1 2 2 2 1 2 1 2 1 2 1 1 1 1 1 2 1 2 1 1 1 2 2 2 1 2 1 2 1 2 1 2 2 2 1 2 1 2 1 2 1 2 1 2 1 1 1 2 1 2 1 2 1 2 1 2 1 2 2 1 1 1 1 2 1 1 1 2 1 2 1 2 2 1 1 1 1 2 1 2 1 2 1 1 1 2 1 1 1 2 2 2 2 2 1 1 1 2 1 1 1 2 1 2 1 2 1 2 2 2 1 2 1 2 1 2 1 2 2 2 2 2 1 2 2 2 2 2 1 2 1 2 2 2 1 2 1 2 1 1 1 2 1 2 1 2 1 1 1 2 2 1 1 2 1 2 1 1 1 2 1 2 2 2 2 2 2 2 2 2 1 2 1 2 1 2 1 2 2 2 2 2 1 1 1 2 2 1 1 1 1 1 1 2 2 2 1 2 1 2 2 2 1 1 1 1 1 1 1 2 1 2 2 1 1 1 1 2 2 2 1 2 2 2 1 2 2 1 1 1 1 2 1 2 1 2 1 2 1 1 1 2 2 2 1 2 1 2 2 2 1 2 1 2 2 2 1 2 1 2 2 2 1 2 1 2 2 1 1 1 1 2 1 2 1 2 1 2 1 2 1 2 1 1 1 2 2 2 2 2 2 2 1 1 1 2 1 2 1 2 1 2 2 2 1 2 1 2 1 2 1 2 1 2 1 2 1 2 2 1 1 2 1 2 2 2 1 2 1 2 1 2 2 2 1 1 1 1 1 2 1 1 1 1 1 1 1 2 1 2 1 2 2 1 1 2 2 2 1 2 2 2 1 2 1 2 1 2 2 1 1 1 1 2 2 2 1 2 1 2 2 2 2 1 1 2 1 2 1 2 1 2 2 2 2 1 1 2 1 2 1 2 2 1 1 2 2 2 1 2 2 2 1 2 1 1 1 2 2 2 1 2 1 2 1 2 2 1 1 1 1 2 2 2 1 2 1 1 1 2 1 2 1 1 1 2 1 2 1 2 2 2 1 2 1 2 1 2 1 2 1 2 1 2 1 1 1 2 1 2 1 2 2 1 1 2 2 2 1 2 1 2 2 1 1 2 1 2 2 2 1 2 1 2 1 2 1 2 1 2 2 1 1 2 2 2 1 2 1 1 1 2 2 1 1 2 1 2 1 2 1 2 1 2 2 2 2 2 2 2 1 2 2 2 1 2 1 2 2 1 1 1 1 2 1 1 1 2 1 1 1 2 1 2 1 2 1 1 1 2 2 2 1 2 1 2 1 2 2 2 2 2 1 2 1 2 1 2 2 2 1 2 2 2 2 2 1 2 2 2 1 2 1 2 1 2 1 1 1 2 2 2 2 2 1 2 1 1 1 2 1 2 2 1 1 2 1 2 2 2 2 2 2 1 1 2 2 2 1 1 1 2 1 1 1 1 1 2 2 2 1 1 1 2 1 1 1 2 1 2 2 2 1 2 1 2 1 2 1 2 2 2 1 2 2 1 1 2 1 1 1 1 1 1 1 2 1 1 1 2 1 2 2 1 1 2 2 2 1 2 1 2 1 1 1 2 1 2 1 2 1 2 1 1 1 2 1 2 1 2 2 2 1 2 2 2 1 2 1 2 1 2 1 2 1 1 1 2 1 2 1 2 1 1 1 2 2 2 1 2 1 2 2 2 1 2 1 2 1 2 1 2 1 2 1 1 1 2 2 2 1 2 2 2 1 2 2 2 2 2 1 2 1 1 1 2 2 2 1 1 1 2 1 2 1 2 2 1 1 2 2 2 1 1 1 2 1 1 1 2 2 2 1 1 1 2 2 1 1 2 1 1 1 2 2 1 1 2 1 1 1 2 1 2 2 1 1 2 1 1 1 2 1 1 1 2 2 2 2 2 1 1 1 2 2 2 1 2 2 1 1 2 2 2 1 2 1 2 2 1 1 2 1 1 1 2 1 2 1 2 1 1 1 2 1 2 1 2 2 2 2 1 1 2 1 2 2 2 1 2 1 2 1 1 1 2 2 2 1 2 1 1 1 2 1 2 2 2 1 2 1 2 1 1 1 2 1 2 2 2 1 2 1 2 1 2 1 2 1 2 1 2 1 2 2 2 2 2 2 2 1 1 1 1 1 2 1 1 1 2 2 1 1 2 1 2 1 2 1 2 1 1 1 2 1 2 1 2 1 1 1 2 2 2 1 2 1 2 2 1 1 1 1 1 1 2 1 1 1 2 1 2 2 2 2 1 1 2 1 2 1 2 1 2 2 2 2 2 1 1 1 1 1 1 1 1 1 2 1 2 2 2 1 1 1 2 2 2 2 2 2 2 2 2 1 2 1 2 1 2 1 2 1 2 2 1 1 2 1 1 1 1 1 2 1 2 2 2 1 1 1 1 1 2 2 1 1 2 1 2 1 2 2 2 1 2 2 2 1 2 1 2 1 2 1 1 1 2 1 2 2 2 2 1 1 2 1 2 1 2 2 2 1 2 1 1 1 1 1 2 2 2 1 2 2 2 1 1 1 2 2 2 2 2 1 2 2 2 2 1 1 2 2 2 2 2 1 2 1 2 2 2 1 2 1 2 1 2 1 2 2 2 1 2 1 2 1 2 2 2 1 2 1 1 1 2 2 1 1 2 1 2 1 2 1 2 1 2 1 1 1 2 1 2 1 2 1 1 1 2 1 1 1 2 2 2 2 2 2 2 1 2 2 2 1 2 1 2 1 1 1 2 1 2 1 2 1 2 2 2 2 2 2 2 2 2 2 2 1 2 2 1 1 2 1 2 1 2 2 1 1 2 1 1 1 1 1 2 2 1 1 1 1 2 2 2 1 1 1 2 1 2 1 2 1 2 1 1 1 2 1 1 1 2 1 2 1 1 1 2 2 2 2 2 2 2 1 1 1 2 2 2 2 1 1 2 1 2 2 2 1 2 1 2 1 2 1 1 1 1 1 2 1 2 2 2 2 2 1 1 1 2 1 2 1 2 1 2 1 1 1 2 1 1 1 2 1 1 1 2 1 2 1 2 1 2 1 2 1 1 1 2 2 2 2 2 1 2 2 1 1 2 1 1 1 1 1 1 1 2 1 1 1 2 2 1 1 1 1 2 1 2 1 2 2 2 1 2 1 1 1 2 1 2 1 2 2 2 1 2 2 2 1 2 1 2 2 2 2 2 1 2 2 2 2 2 1 2 1 2 1 2 1 2 1 2 1 1 1 2 2 2 1 2 1 2 1 2 1 1 1 2 2 2 1 2 1 2 1 1 1 2 1 1 1 2 1 2 2 1 1 2 1 2 1 2 1 2 2 2 2 2 1 2 2 1 1 2 1 2 1 2 1 2 1 2 1
O139 2 1 1 1 1 1 2 2 1 1 2 2 2 1 1 1 2 2 1 1 2 2 2 1 2 1 2 1 1 1 1 1 2 2 2 2 2 1 2 2 1 1 1 1 2 2 2 1 2 1 2 1 2 2 2 1 2 1 2 1 2 2 1 1 1 1 2 2 1 1 2 1 1 1 2 2 2 2 2 1 1 1 2 1 2 2 1 1 2 1 1 1 2 1 2 1 2 2 1 1 2 1 2 2 1 1 2 1 2 1 2 1 2 2 2 2 1 1 2 2 1 1 2 2 2 2 2 2 2 2 2 2 1 1 2 1 2 2 2 1 2 1 2 2 2 1 2 1 2 2 2 1 2 2 1 1 1 1 2 2 2 1 2 2 1 1 2 1 2 2 2 1 2 1 2 1 2 1 2 1 2 2 2 2 2 2 1 1 2 1 1 1 2 1 2 1 2 1 1 1 1 1 1 1 2 2 2 2 2 1 2 1 2 1 2 2 1 1 2 2 2 1 1 1 2 1 1 1 1 1 2 1 2 2 1 1 1 1 2 1 2 1 2 2 2 2 2 1 2 1 2 2 1 1 2 2 2 2 2 2 2 1 2 1 2 1 2 2 2 1 2 2 2 1 1 1 2 1 1 1 2 1 1 1 2 1 1 1 2 2 2 1 1 1 2 2 2 1 2 2 2 1 2 1 2 1 2 2 2 1 2 1 2 1 2 2 1 1 2 2 2 1 1 1 2 2 1 1 2 1 2 2 1 1 1 1 2 1 1 1 1 1 1 1 2 2 1 1 1 1 1 1 2 2 2 1 2 1 1 1 2 2 2 2 2 2 2 2 2 1 1 1 2 2 2 1 2 1 1 1 2 1 2 2 2 2 1 1 1 1 2 2 2 2 2 1 1 1 2 1 2 2 1 1 2 1 1 1 2 1 2 2 2 1 2 1 1 1 2 1 2 1 2 1 2 2 2 2 1 1 2 2 2 2 2 2 2 1 2 2 2 1 2 2 2 2 1 1 1 1 2 1 1 1 2 2 1 1 2 1 2 2 2 2 2 1 2 2 1 1 2 2 1 1 2 2 2 1 2 2 2 1 2 2 2 2 2 1 1 1 2 1 2 1 2 1 1 1 2 1 1 1 1 1 2 2 2 2 2 1 2 2 2 1 2 2 2 2 2 2 1 1 2 1 2 1 2 1 2 2 2 1 2 2 1 1 2 2 2 1 2 1 1 1 2 1 2 1 2 1 1 1 2 2 2 2 2 1 2 1 1 1 2 2 1 1 2 1 2 1 2 2 1 1 2 2 2 2 2 1 1 1 2 2 2 1 2 1 2 1 2 1 2 2 2 1 1 1 2 1 1 1 1 1 1 1 1 1 2 1 2 1 2 1 2 2 2 1 1 1 2 1 2 1 2 1 1 1 2 2 2 2 2 1 2 2 1 1 2 2 2 1 2 1 2 1 2 2 1 1 2 1 2 1 2 2 1 1 2 2 2 2 2 2 2 1 2 2 2 1 2 1 2 2 2 1 2 1 2 2 2 2 1 1 2 1 2 1 2 2 1 1 2 2 2 2 2 2 1 1 2 1 2 2 1 1 2 2 2 2 2 2 2 1 2 1 2 2 2 1 1 1 2 2 1 1 2 2 2 2 2 1 1 1 2 2 1 1 1 1 2 1 2 1 2 1 1 1 2 2 1 1 1 1 1 1 2 1 2 1 2 1 2 1 1 1 2 1 2 1 1 1 2 2 2 1 2 1 2 1 1 1 2 1 2 2 2 2 2 2 2 2 1 1 1 1 1 1 1 1 2 2 2 2 1 1 2 1 1 1 2 1 2 1 2 1 2 1 1 1 1 1 1 1 1 1 2 1 2 1 2 1 2 2 2 2 2 1 1 1 1 1 2 1 2 2 1 1 2 1 2 2 2 1 2 2 2 1 1 1 1 1 2 2 1 1 2 1 2 1 2 2 2 1 2 2 2 1 2 1 2 1 2 1 2 1 2 1 2 2 2 1 2 1 2 1 1 1 2 2 2 1 1 1 2 2 1 1 2 1 1 1 2 1 2 1 2 1 2 2 2 2 1 1 2 1 1 1 1 1 2 1 1 1 2 1 2 2 1 1 2 2 2 1 2 2 2 1 2 1 2 2 2 2 1 1 2 1 1 1 2 1 2 1 2 2 2 1 2 1 2 1 1 1 2 1 1 1 2 1 2 1 1 1 2 1 2 2 1 1 2 2 2 1 1 1 2 2 2 2 2 2 2 1 1 1 2 1 2 1 1 1 2 2 2 1 2 1 2 2 2 1 2 1 2 1 2 2 1 1 2 2 2 1 1 1 1 1 2 1 2 2 2 2 2 1 1 1 1 1 2 2 2 1 2 1 2 2 1 1 1 1 1 1 2 1 2 1 2 2 1 1 2 2 2 2 2 2 1 1 2 2 2 1 2 2 1 1 2 1 1 1 2 2 2 2 1 1 2 1 2 1 1 1 2 2 1 1 1 1 2 2 2 2 1 1 2 1 2 1 1 1 2 1 2 1 2 2 2 2 2 1 2 1 2 1 1 1 2 1 1 1 2 1 2 1 2 2 2 2 1 1 2 1 2 2 2 1 2 2 2 1 1 1 1 1 2 1 2 1 2 1 2 1 2 1 2 1 2 2 2 2 2 2 2 2 2 1 1 1 2 1 1 1 1 1 2 1 2 2 2 2 1 1 2 2 2 2 2 1 1 1 2 2 2 1 1 1 2 2 2 1 2 2 2 1 2 2 2 1 2 2 1 1 2 2 2 1 2 1 2 2 1 1 2 1 2 2 2 2 1 1 2 1 1 1 2 2 2 2 2 2 1 1 1 1 2 1 2 1 2 1 1 1 1 1 2 2 2 1 2 2 2 1 2 1 2 2 2 1 1 1 1 1 2 2 2 2 2 2 2 1 2 1 1 1 2 1 2 2 2 1 2 1 2 1 2 2 2 1 2 2 2 1 1 1 2 1 2 2 1 1 1 1 2 1 2 1 1 1 2 1 2 2 2 2 2 2 2 1 2 2 2 2 2 2 2 1 2 1 2 2 2 2 1 1 2 1 2 2 2 2 2 1 1 1 2 1 1 1 2 2 1 1 2 1 2 1 2 2 2 2 2 1 1 1 2 1 2 1 1 1 1 1 2 2 2 2 2 1 2 1 1 1 2 2 2 2 2 2 2 2 2 1 2 1 1 1 1 1 2 2 1 1 1 1 2 1 2 1 1 1 2 2 2 1 2 1 2 1 1 1 2 1 1 1 1 1 2 1 2 2 1 1 1 1 2 2 2 2 2 1 1 1 1 1 2 2 2 1 2 2 2 2 2 2 1 1 1 1 2 2 2 1 1 1 1 1 2 2 2 1 2 2 1 1 2 1 2 2 1 1 2 1 2 1 2 2 2 2 1 1 2 2 2 2 2 1 2 1 1 1 1 1 2 2 2 2 2 2 1 1 2 1 2 2 2 2 2 2 1 1 2 1 1 1 2 1 2 2 2 2 2 2 1 1 1 1 1 1 2 2 2 1 2 1 1 1 2 1 1 1 2 1 2 2 2 2 1 1 1 1 2 1 2 1 2 1 2 1 2 2 2 2 2 1 2 2 1 1 1 1 2 1 2 2 2 1 2 2 2 1 2 2 2 1 2 2 2 2 1 1 2 1 1 1 2 1 2 1 2 2 2 2 1 1 2 1 2 1 2 2 1 1 2 2 1 1 1 1 2 1 1 1 2 2 2 2 2 1 1 1 1 1 2 1 2 2 2 1 2 1 1 1 1 1 2 1 2 1 1 1 1 1 2 1 1 1 1 1 1 1 2 2 1 1 1 1 1 1 1 1 2 1 1 1 2 2 1 1 1 1 2 1 1 1 2 2 2 2 2 2 1 1 2 2 2 2 2 1 2 2 1 1 1 1 2 2 1 1 2 2 1 1 2 2 2 1 2 2 2 2 1 1 2 2 2 1 2 1 2 2 2 2 1 1 2 2 1 1 1 1 2 1 1 1 2 2 1 1 1 1 2 1 2 1 2 2 2 2 2 1 2 2 2 1 2 2 2 2 1 1 2 2 2 1 1 1 2 2 2 2 2 1 2 2 1 1 2 1 2 2 2 2 1 1 2 1 2 2 1 1 2 1 2 1 2 1 2 1 2 2 2 1 2 1 2 1 2 2 2 2 1 1 2 1 2 1 2 2 2 1 1 1 2 1 2 1 2 1 2 1 2 2 2 2 1 1 1 1 1 1 1 1 1 1 2 1 2 1
O140 1 1 2 2 2 2 2 1 2 1 1 1 2 1 1 1 2 1 1 1 1 1 2 1 1 1 2 1 2 1 2 1 2 2 2 2 1 1 2 2 2 1 1 1 1 1 2 1 2 2 2 2 2 1 2 1 1 1 1 1 2 2 1 1 2 1 2 2 1 1 2 1 2 1 2 2 2 1 2 1 1 1 2 1 1 1 2 1 2 1 2 2 2 1 2 1 2 2 2 1 2 1 2 2 1 1 2 1 2 2 2 1 1 1 2 2 2 1 2 1 1 1 2 1 2 2 1 1 2 1 2 2 2 1 2 2 2 1 2 1 2 2 2 2 2 1 2 2 2 1 1 1 2 1 2 1 2 1 2 1 2 1 2 1 2 1 2 1 2 2 2 1 1 1 2 1 2 2 2 1 2 2 1 1 2 2 1 1 1 1 1 1 2 1 2 1 2 1 1 1 1 1 2 1 1 1 2 1 2 1 2 1 2 1 1 1 2 2 2 1 2 1 1 1 2 1 1 1 2 2 2 1 1 1 1 1 1 1 1 1 1 1 1 1 2 2 2 1 1 1 1 1 1 1 2 1 2 1 2 1 2 1 2 1 2 1 2 1 1 1 2 2 2 1 2 1 2 1 1 1 2 1 2 1 2 2 1 1 2 1 1 1 2 1 2 2 2 1 2 2 1 1 2 1 2 2 2 1 2 2 2 1 2 1 2 1 2 1 2 2 2 1 1 1 2 2 2 1 2 2 2 2 2 2 1 1 2 1 2 1 1 1 2 1 1 1 2 1 1 1 2 1 2 2 2 1 2 1 1 1 2 1 2 2 2 1 2 2 1 1 1 1 2 1 2 1 2 1 1 1 1 1 2 2 2 1 2 1 2 1 2 1 2 2 2 1 1 1 2 2 1 1 2 2 2 1 1 1 2 1 1 1 2 1 2 1 1 1 2 1 2 1 1 1 1 1 1 1 1 1 2 2 1 1 2 1 2 1 2 2 2 1 2 1 2 1 1 1 1 1 2 2 2 1 2 2 2 1 1 1 2 2 2 1 2 1 2 1 2 2 2 2 1 1 1 1 2 1 2 1 1 1 2 1 2 2 1 1 1 1 2 1 2 1 2 1 2 1 2 2 1 1 2 2 2 2 2 1 1 1 1 1 2 1 2 1 2 2 2 1 2 1 2 2 2 1 1 1 2 2 2 1 2 1 2 1 2 2 2 1 2 2 1 1 2 2 2 1 1 1 1 1 1 1 2 2 2 1 2 1 1 1 2 1 2 1 2 1 2 1 2 1 2 2 2 2 1 1 2 2 2 2 2 1 2 1 2 1 2 1 1 1 2 1 2 1 2 1 2 1 2 1 1 1 2 1 2 1 2 1 1 1 2 1 2 2 1 1 2 1 2 1 2 1 2 1 1 1 1 1 2 1 2 1 2 2 1 1 2 1 1 1 2 1 2 2 2 1 1 1 2 2 1 1 2 2 2 1 2 2 2 1 2 1 2 1 2 1 2 2 2 1 2 1 2 1 1 1 2 2 2 1 1 1 2 2 2 1 2 2 1 1 2 2 2 1 1 1 1 1 2 1 2 2 2 1 2 1 2 1 2 2 2 1 2 2 2 2 2 1 2 1 2 2 1 1 2 1 2 2 1 1 1 1 2 2 2 1 2 1 2 2 1 1 2 1 2 1 2 1 2 1 2 2 1 1 1 1 2 1 2 1 2 1 2 2 2 1 2 2 2 1 2 2 2 2 2 1 2 1 2 2 2 2 1 1 2 2 2 1 2 2 2 1 1 1 2 1 1 1 2 1 2 1 2 1 2 2 2 1 1 1 2 1 2 2 1 1 2 1 2 1 2 1 1 1 2 1 2 1 2 1 2 2 2 1 2 1 2 2 1 1 2 2 2 2 2 1 1 1 2 1 1 1 2 2 2 1 2 1 2 2 2 2 1 1 2 1 1 1 2 1 2 1 2 1 2 1 2 2 2 1 2 1 2 1 2 1 2 2 2 2 1 1 2 1 2 1 2 1 2 1 1 1 2 2 1 1 1 1 2 1 2 1 2 1 2 1 2 1 2 1 1 1 2 2 1 1 1 1 1 1 2 2 2 1 2 1 2 2 1 1 2 1 2 2 2 1 2 2 2 2 2 2 1 1 2 2 1 1 2 1 2 1 2 1 2 2 2 1 2 1 1 1 2 1 1 1 2 1 2 1 2 2 2 2 2 2 2 1 2 2 1 1 2 1 2 2 1 1 2 2 1 1 2 1 2 1 1 1 1 1 2 2 2 1 2 1 2 1 2 1 2 1 2 2 2 1 1 1 2 1 2 1 2 1 1 1 2 1 2 1 1 1 1 1 1 1 1 1 1 1 2 1 1 1 2 1 1 1 1 1 2 1 2 1 2 1 2 2 2 1 2 2 2 2 2 2 1 1 2 1 2 1 2 1 2 1 1 1 2 1 2 1 2 2 1 1 2 1 2 1 2 1 1 1 1 1 1 1 2 2 2 2 2 1 1 1 1 1 2 1 2 1 2 1 2 1 2 2 2 1 2 2 2 1 1 1 2 1 2 1 2 1 2 1 1 1 2 1 2 1 2 1 2 2 1 1 2 2 2 1 2 1 2 1 2 1 1 1 2 2 2 1 2 1 2 1 2 2 2 1 2 2 2 1 1 1 2 1 2 1 1 1 1 1 1 1 2 2 2 1 2 1 2 1 2 1 2 1 2 1 2 2 2 1 2 1 2 2 2 1 2 1 2 2 2 2 2 1 2 1 2 1 2 2 2 1 1 1 1 1 1 1 2 1 2 1 2 2 2 1 2 2 2 1 1 1 2 1 2 2 2 1 2 2 2 1 2 1 2 1 1 1 2 1 1 1 2 1 2 1 2 1 2 1 2 2 1 1 2 2 2 2 2 2 2 1 2 1 2 1 1 1 2 1 2 1 2 2 2 1 2 1 2 1 2 1 2 1 2 1 2 1 1 1 2 1 2 2 2 1 1 1 1 1 2 1 2 2 1 1 2 1 2 2 2 1 2 1 2 1 2 2 2 1 1 1 2 1 2 1 2 2 1 1 1 1 2 1 2 1 2 1 1 1 2 1 2 1 2 1 2 2 1 1 2 1 2 1 2 1 2 1 2 1 1 1 2 1 1 1 2 1 1 1 2 2 2 1 2 1 1 1 2 1 2 2 1 1 2 2 2 1 1 1 1 1 1 1 2 2 2 1 1 1 1 1 2 2 1 1 2 2 2 2 2 1 1 1 2 1 2 2 2 2 2 1 1 1 2 1 2 2 2 1 2 2 2 2 1 1 2 1 2 1 2 1 1 1 2 1 2 2 2 1 2 1 2 2 2 1 2 1 1 1 2 2 1 1 2 2 1 1 2 1 2 1 2 2 2 1 2 1 2 1 1 1 2 1 1 1 2 2 1 1 2 1 2 1 1 1 2 1 2 1 2 1 2 2 2 2 2 1 2 2 2 1 2 2 2 1 2 1 1 1 2 1 2 2 2 2 2 2 1 1 2 2 2 2 2 2 2 1 1 1 1 1 2 1 2 2 1 1 2 2 2 1 1 1 2 2 2 2 2 2 2 1 1 1 2 1 2 1 2 2 2 1 2 2 2 1 2 2 2 1 2 1 2 1 2 2 1 1 2 1 2 1 2 2 2 1 2 2 2 1 2 2 1 1 2 1 2 1 1 1 1 1 2 2 2 1 1 1 2 1 1 1 2 1 2 2 1 1 2 2 2 2 2 1 2 1 1 1 2 1 2 1 2 1 2 1 2 2 2 1 1 1 2 1 2 1 2 2 2 2 2 2 1 1 2 1 2 2 1 1 1 1 2 1 2 2 2 1 2 1 2 2 2 1 1 1 2 2 1 1 2 1 2 2 2 1 2 1 2 2 2 1 2 1 1 1 1 1 1 1 2 1 1 1 2 2 2 1 2 2 1 1 2 2 2 1 1 1 2 2 2 2 2 1 2 2 2 1 1 1 2 1 1 1 2 1 2 1 2 1 2 1 1 1 1 1 2 1 2 1 2 1 2 1 1 1 2 1 2 1 2 1 2 2 2 1 2 1 1 1 2 1 2 2 2 1 2 1 2 1 2 1 2 2 2 1 2 2 1 1 2 1 2 2 2 1 2 2 2 1 1 1 2 1 2 1 1 1 2 1 2 2 2 1 2 1 2 1 2 1 2 1 2 2 2 2 2 1 1 1 2 1 2 1 2 1 2 1 2 1 2 1 1 1 2 2 1 1 2 1 1 1 2 1
O141 2 1 2 1 1 1 2 1 2 1 2 1 2 1 2 1 2 2 2 1 2 2 2 2 2 1 2 2 1 1 1 1 2 2 2 2 1 1 2 1 2 2 1 1 2 2 2 1 1 1 2 2 1 1 2 1 2 2 2 1 2 1 1 1 2 1 2 2 1 1 2 1 2 1 2 2 2 1 2 1 2 1 2 1 2 2 2 2 2 2 2 2 2 2 1 1 1 1 2 2 2 1 1 1 2 1 2 1 2 1 1 1 2 1 2 2 2 1 1 1 2 1 1 1 2 2 2 1 2 2 2 2 2 1 2 1 2 2 2 2 1 1 2 2 2 1 1 1 2 2 2 1 2 2 2 1 2 2 2 1 2 1 2 1 2 1 2 1 1 1 2 2 2 1 2 1 1 1 2 1 2 2 2 2 2 2 1 1 2 2 1 1 1 1 2 1 2 1 1 1 1 1 1 1 2 2 1 1 2 1 2 1 1 1 2 1 1 1 2 2 2 2 1 1 1 1 1 1 2 1 1 1 2 1 2 1 2 1 2 2 2 2 1 1 2 1 2 2 1 1 2 1 2 1 2 1 2 1 2 1 1 1 1 1 2 1 2 2 2 1 2 2 1 1 2 1 2 2 2 1 2 2 2 2 2 2 1 1 1 1 1 1 1 1 1 1 2 1 2 1 2 2 2 2 2 2 2 2 1 1 1 1 2 1 2 1 1 1 2 2 2 1 2 1 1 1 2 1 1 1 2 2 2 2 2 2 2 2 2 1 2 1 1 1 2 1 1 1 1 1 2 1 2 2 1 1 2 1 1 1 1 1 1 1 2 1 2 2 2 1 2 2 2 1 2 2 2 1 2 2 2 2 1 1 2 1 1 1 1 1 2 2 2 2 2 2 1 1 1 1 2 2 2 2 2 2 1 1 2 2 2 1 2 1 2 1 2 1 2 2 2 1 2 1 1 1 2 2 2 2 1 1 2 2 2 2 2 1 2 1 2 1 2 2 2 2 1 1 2 2 2 2 1 1 2 1 1 1 2 1 2 2 1 1 2 1 2 1 1 1 2 1 1 1 2 2 2 1 2 2 2 1 2 2 2 2 1 1 1 1 2 1 2 2 1 1 2 2 2 2 1 1 2 2 2 2 1 1 1 1 1 1 2 1 2 1 1 1 2 2 2 1 2 1 2 2 1 1 2 1 2 2 2 1 2 1 2 1 2 1 2 2 2 1 1 1 2 2 2 1 2 2 1 1 2 1 1 1 2 1 1 1 2 1 1 1 1 1 2 2 2 1 1 1 2 2 2 2 2 1 2 1 1 1 2 2 2 1 2 2 2 2 2 1 2 2 2 1 2 1 2 2 1 1 1 1 2 1 2 1 2 2 2 1 1 1 2 2 1 1 2 1 1 1 2 2 1 1 2 2 2 1 2 2 2 2 2 1 2 1 1 1 2 1 1 1 2 2 2 1 2 1 2 1 2 2 2 1 2 2 2 2 2 1 2 1 2 1 1 1 2 1 2 2 1 1 2 1 2 2 2 1 2 1 2 1 2 1 2 1 2 1 2 1 2 2 2 2 2 1 1 1 2 2 1 1 2 1 2 1 2 1 2 1 2 2 2 2 2 1 1 1 2 1 2 1 2 2 2 1 2 2 2 2 2 1 2 2 2 1 2 1 2 1 2 2 2 1 2 2 2 1 2 1 1 1 1 1 1 1 1 1 2 1 2 2 1 1 2 2 1 1 2 2 2 1 2 1 2 1 1 1 2 2 2 2 2 2 2 2 2 2 2 1 2 2 2 2 2 1 1 1 2 2 2 1 2 1 1 1 2 1 2 1 2 1 2 1 2 1 1 1 1 1 2 2 2 1 1 1 2 1 2 1 2 1 1 1 2 1 2 1 1 1 2 2 2 1 2 1 2 1 2 2 2 2 1 1 1 1 1 1 2 2 2 1 1 1 2 1 2 2 2 1 2 2 2 1 2 2 2 1 2 1 2 2 2 2 2 2 2 2 2 1 2 2 1 1 2 2 2 1 2 2 2 2 2 2 2 1 2 2 1 1 1 1 2 1 2 2 2 2 1 1 1 1 1 1 2 1 2 2 2 1 2 1 2 2 1 1 2 2 2 1 2 2 2 1 2 1 2 1 1 1 1 1 2 1 1 1 2 1 2 1 1 1 2 1 2 1 1 1 2 2 2 1 1 1 2 1 2 1 2 1 2 2 2 2 2 1 2 2 2 1 2 1 2 2 2 1 2 2 2 1 2 1 2 1 2 1 1 1 2 2 2 1 2 1 2 2 2 1 2 1 2 2 2 2 2 2 2 2 2 2 2 1 1 1 2 2 2 2 2 1 2 2 2 1 1 1 1 1 2 1 2 1 2 2 1 1 2 2 2 2 2 1 2 2 1 1 1 1 2 2 1 1 2 2 1 1 2 2 1 1 2 2 1 1 2 1 1 1 1 1 2 2 1 1 2 1 2 2 2 1 2 2 1 1 2 2 1 1 2 1 2 1 2 2 1 1 2 1 2 1 2 2 2 1 2 1 2 1 2 2 2 1 2 2 1 1 2 1 2 1 2 1 2 1 2 2 2 1 2 2 2 1 2 2 2 2 2 1 2 2 1 1 2 1 2 1 2 2 2 1 2 2 2 1 2 2 2 2 2 1 2 1 2 2 2 1 2 1 1 1 2 1 2 1 2 1 2 2 2 1 2 1 2 1 2 2 1 1 2 1 2 2 1 1 2 2 2 1 2 2 2 1 2 2 2 1 2 2 1 1 2 2 2 1 1 1 1 1 1 1 2 2 2 1 2 2 1 1 1 1 2 1 2 2 2 1 2 1 2 1 1 1 2 1 2 2 1 1 1 1 1 1 2 2 2 1 2 2 2 1 1 1 2 1 2 2 1 1 1 1 1 1 2 2 2 2 2 2 2 1 1 1 2 1 2 2 2 1 2 1 1 1 2 2 2 1 2 1 1 1 2 1 1 1 2 1 2 1 2 2 2 2 2 1 1 1 2 1 2 2 2 2 2 1 2 1 2 1 2 1 2 1 2 1 2 1 2 1 2 2 1 1 2 2 2 1 2 1 1 1 1 1 2 1 1 1 2 2 2 2 1 1 1 1 2 2 2 2 1 1 2 1 2 2 2 1 1 1 1 1 2 1 2 2 1 1 1 1 2 1 2 1 2 2 2 1 2 1 1 1 2 1 1 1 2 1 1 1 2 2 2 1 2 2 2 2 2 1 2 1 2 2 2 2 2 2 1 1 2 2 1 1 2 2 2 1 2 1 2 1 1 1 1 1 2 2 1 1 1 1 1 1 2 2 2 2 2 1 2 2 2 2 2 1 2 1 1 1 1 1 2 1 1 1 2 1 2 2 2 1 1 1 2 1 2 1 2 1 1 1 2 1 2 2 2 1 1 1 2 2 2 1 2 1 2 1 1 1 2 1 1 1 2 1 2 2 2 2 2 2 2 2 2 2 2 1 2 1 2 2 2 1 1 1 2 2 2 1 2 2 2 2 1 1 2 2 2 2 2 1 2 2 1 1 2 2 1 1 2 2 2 2 2 2 2 1 2 2 1 1 2 2 2 1 2 1 1 1 2 2 1 1 2 2 1 1 1 1 2 1 2 1 2 1 2 2 1 1 2 1 2 1 1 1 1 1 1 1 2 1 1 1 2 1 1 1 2 1 2 2 2 1 1 1 1 1 2 1 2 1 2 1 2 1 2 1 1 1 1 1 1 1 2 2 2 1 1 1 2 2 2 2 1 1 2 2 2 1 2 2 1 1 2 2 2 1 1 1 1 1 2 2 1 1 2 2 1 1 2 2 2 2 1 1 1 1 2 1 2 2 1 1 1 1 2 2 2 1 1 1 2 1 2 2 2 2 2 1 2 1 2 1 2 1 2 1 2 2 1 1 1 1 2 1 1 1 2 2 2 1 1 1 1 1 2 2 1 1 1 1 2 1 2 1 2 2 2 2 2 2 2 1 2 2 1 1 1 1 2 1 1 1 2 2 2 1 1 1 2 1 2 2 2 1 2 1 2 2 2 1 2 1 2 2 2 1 1 1 2 2 2 1 2 1 2 1 2 2 2 1 2 2 2 1 2 2 2 2 2 1 2 2 2 1 2 1 1 1 2 1 2 1 2 2 1 1 2 2 2 1 2 2 2 1 2 1 2 1 1 1 2 1 2 1 2 1 2 1 1 1 2 2 2 1 2 2 2 1 2 2 2 1 1 1 1 1 1 1 2 2 1 1 2 2 2 1
O156 2 2 2 2 1 1 2 2 2 2 1 1 1 1 2 1 1 1 2 1 2 1 2 2 2 1 2 1 2 1 2 2 1 1 1 1 2 1 2 1 2 1 2 2 2 2 2 2 2 2 2 1 1 1 2 1 1 1 2 1 2 1 2 2 2 1 2 2 2 2 2 1 2 2 2 2 2 1 2 1 2 1 2 2 2 2 1 1 2 1 2 1 1 1 2 1 2 1 1 1 2 2 1 1 2 2 1 1 2 2 2 1 2 2 1 1 2 2 2 2 2 1 2 1 1 1 1 1 2 1 1 1 2 1 2 1 2 1 2 1 2 2 2 1 1 1 1 1 2 1 2 1 1 1 2 2 2 1 1 1 2 1 2 1 1 1 2 1 2 2 2 1 2 1 2 1 2 1 2 2 2 1 1 1 1 1 2 1 1 1 2 2 1 1 2 1 1 1 2 1 2 2 2 2 2 1 2 1 2 1 2 1 2 2 1 1 2 1 2 1 1 1 2 1 2 2 2 2 2 2 2 1 2 1 2 1 2 1 2 1 2 2 2 1 2 1 1 1 2 1 2 1 1 1 2 1 2 1 2 1 2 2 2 1 1 1 2 1 2 2 2 1 1 1 2 1 2 2 2 2 2 2 2 1 2 1 2 2 2 2 2 1 2 2 2 1 2 2 2 1 2 1 2 1 1 1 2 2 1 1 1 1 2 1 1 1 2 2 2 1 2 1 2 2 2 1 2 1 2 1 2 2 2 1 2 2 2 2 1 1 2 1 2 1 2 1 2 2 1 1 2 2 1 1 2 1 2 2 2 2 2 1 1 1 2 1 2 2 2 1 2 2 1 1 1 1 2 1 2 2 2 1 1 1 2 2 2 2 1 1 2 1 1 1 2 1 1 1 2 1 2 1 2 2 2 1 2 2 2 2 2 1 2 1 2 1 2 1 1 1 2 1 2 1 2 1 2 1 2 2 1 1 1 1 1 1 2 1 2 1 2 1 1 1 1 1 2 1 1 1 1 1 1 1 2 1 2 1 2 2 1 1 2 2 2 2 2 2 1 1 1 1 2 1 2 2 2 1 1 1 2 2 2 1 1 1 2 1 1 1 2 1 2 2 2 1 2 1 2 1 2 1 2 1 1 1 2 2 2 1 1 1 2 1 2 1 1 1 1 1 2 1 2 1 2 1 2 1 2 1 1 1 2 1 2 2 2 1 2 1 2 1 2 2 2 2 2 1 2 1 2 1 2 1 1 1 2 2 2 1 2 1 2 1 2 2 2 1 1 1 2 1 2 1 1 1 2 1 2 1 2 1 2 1 2 1 2 2 2 1 1 1 1 1 2 2 2 2 2 2 2 2 2 1 2 2 2 2 1 1 2 1 1 1 2 1 2 1 2 1 2 2 1 1 1 1 2 1 2 1 2 1 1 1 2 2 2 1 2 2 1 1 2 2 1 1 2 1 2 1 2 1 2 2 2 1 2 2 2 1 1 1 1 1 1 1 2 1 2 1 2 1 1 1 1 1 2 2 2 1 1 1 1 1 2 2 1 1 2 1 2 1 1 1 2 1 2 1 2 2 2 1 1 1 1 1 2 1 1 1 2 1 2 2 2 2 1 1 2 1 2 2 1 1 2 2 2 1 2 2 2 2 2 1 1 1 1 1 2 1 2 2 2 1 2 1 2 2 2 1 2 1 2 2 2 2 1 1 2 2 2 1 2 1 2 1 1 1 1 1 2 1 2 1 1 1 2 1 1 1 2 1 2 1 2 2 2 1 2 2 2 1 2 1 2 1 2 2 2 2 2 2 2 1 2 2 1 1 2 1 2 2 2 1 2 1 2 2 2 1 2 1 2 1 2 2 2 2 2 1 1 1 2 1 2 1 1 1 2 1 2 1 2 1 2 1 2 2 2 1 2 1 2 2 2 1 2 1 2 1 2 2 2 1 2 1 2 1 2 1 2 1 1 1 1 1 2 1 2 2 1 1 1 1 1 1 2 2 2 1 2 1 1 1 2 2 2 1 1 1 2 1 1 1 1 1 1 1 2 1 2 1 1 1 1 1 2 1 2 1 2 1 2 1 2 1 2 2 2 2 2 1 2 1 2 2 1 1 1 1 1 1 2 1 1 1 2 1 2 1 1 1 2 1 2 2 2 1 2 1 1 1 1 1 1 1 1 1 1 1 2 2 2 2 1 1 1 1 2 2 1 1 1 1 2 1 2 1 2 1 1 1 1 1 1 1 2 1 2 2 2 1 2 2 2 2 2 2 2 2 2 1 1 1 2 2 2 1 2 2 1 1 2 1 2 2 2 1 2 2 2 2 2 1 2 1 2 1 1 1 2 1 2 1 2 2 2 1 2 2 2 1 2 1 2 1 2 1 2 1 1 1 2 1 2 2 2 2 2 1 1 1 1 1 1 1 1 1 2 1 1 1 2 2 2 2 2 2 2 1 2 2 2 2 2 1 2 1 1 1 2 1 2 2 2 2 2 1 2 2 2 1 2 1 2 2 1 1 2 2 2 2 2 1 1 1 2 1 2 1 2 2 1 1 2 1 2 1 2 1 1 1 2 1 1 1 1 1 2 1 2 2 2 2 2 1 2 2 2 1 2 2 2 1 2 2 2 1 2 2 2 1 2 1 2 1 1 1 1 1 2 1 2 1 2 1 2 2 2 1 2 2 2 2 2 1 2 2 1 1 2 2 2 1 2 1 1 1 1 1 2 2 1 1 1 1 2 1 2 1 1 1 2 1 2 1 2 1 2 2 1 1 2 2 2 2 2 1 2 2 1 1 2 2 2 1 2 2 2 1 2 1 2 1 2 1 2 1 2 1 2 1 2 1 2 2 2 1 1 1 2 2 2 1 2 1 2 2 2 1 2 1 2 1 2 2 2 1 2 2 2 2 2 2 2 1 2 1 1 1 2 1 2 1 2 2 2 1 1 1 2 2 1 1 2 1 1 1 2 1 2 2 2 1 2 2 2 1 1 1 2 1 2 1 2 1 2 1 2 2 1 1 2 2 1 1 2 1 2 1 2 2 1 1 2 2 2 1 2 1 2 1 2 2 2 1 2 2 2 2 2 1 2 1 2 1 2 1 2 1 1 1 2 1 2 1 2 2 2 1 2 1 1 1 2 2 2 1 1 1 2 1 2 1 1 1 2 1 2 2 2 2 2 1 1 1 1 1 2 1 2 1 2 2 2 2 2 2 2 1 1 1 1 1 2 1 2 1 1 1 2 1 2 1 1 1 2 1 2 2 2 1 2 1 2 1 1 1 2 2 2 2 2 1 2 1 2 1 1 1 2 1 2 2 2 1 2 2 2 2 1 1 2 1 1 1 2 1 2 2 2 1 2 2 2 1 2 1 2 2 2 2 2 1 1 1 2 1 2 1 2 1 2 1 1 1 2 1 1 1 2 2 1 1 2 1 1 1 2 1 2 2 1 1 2 1 1 1 1 1 2 1 2 2 1 1 2 1 2 1 2 1 2 1 1 1 2 1 2 1 1 1 1 1 1 1 2 1 2 1 2 1 2 1 2 1 2 1 2 2 2 2 2 2 1 1 2 1 2 1 2 1 1 1 2 1 2 1 2 1 2 1 2 1 1 1 1 1 2 1 1 1 1 1 2 2 1 1 1 1 1 1 2 1 2 1 2 1 2 1 2 2 2 1 2 2 1 1 2 1 2 1 2 1 2 2 1 1 1 1 2 2 2 2 1 1 2 2 2 1 2 1 2 1 1 1 1 1 2 1 1 1 2 1 2 1 2 1 2 1 2 1 1 1 2 1 2 1 1 1 2 2 2 2 2 1 2 1 2 1 2 2 2 1 2 1 2 1 2 2 2 1 1 1 2 1 2 1 1 1 2 1 2 1 2 1 1 1 2 1 2 2 2 2 1 1 2 1 1 1 2 1 2 1 2 1 1 1 2 2 2 2 2 2 2 1 2 1 1 1 2 1 2 1 2 1 2 1 2 1 1 1 2 1 2 2 1 1 2 2 2 1 2 2 2 1 2 1 2 2 2 1 2 1 2 1 2 1 1 1 2 1 1 1 2 2 2 1 1 1 2 2 2 2 2 2 1 1 2 1 1 1 2 2 1 1 2 1 2 1 2 1 1 1 2 1 2 1 2 1 2 2 2 1 2 1 2 1 2 1 2 2 1 1 2 1 2 1 2 2 2 1 2 1 1 1 2 2 2 1 2 1 2 1 1 1 2 2 2 1 2 1 2 2 2 2 2 1 2 1 1 1 2 2 2 2 2 1 2 1
O159 2 1 2 2 2 2 2 2 2 1 2 2 2 1 1 1 2 1 2 1 2 1 2 1 2 1 2 1 2 2 2 2 1 1 2 1 2 1 1 1 1 1 2 1 2 1 2 1 2 2 2 2 2 1 2 1 2 2 2 1 2 1 2 1 1 1 2 1 2 1 2 1 2 2 2 1 2 1 2 2 2 2 2 1 2 1 2 2 2 2 2 1 2 1 2 2 1 1 2 1 2 2 2 1 2 2 2 1 2 1 2 2 1 1 1 1 2 2 2 2 2 2 2 1 1 1 2 2 2 1 1 1 1 1 2 1 2 1 2 1 1 1 2 1 2 1 2 1 2 2 1 1 1 1 1 1 1 1 2 2 2 1 2 1 2 1 2 1 2 2 1 1 2 2 1 1 2 1 2 1 2 1 2 1 1 1 2 2 2 1 2 2 1 1 2 1 2 1 2 1 2 1 2 1 1 1 2 1 2 1 2 1 2 1 2 1 2 1 2 2 2 1 2 2 2 2 2 1 2 2 2 2 2 1 2 2 2 2 2 1 2 1 2 2 2 1 1 1 2 2 2 1 2 1 2 1 1 1 2 2 2 1 2 2 2 1 2 2 2 1 2 1 1 1 2 2 2 2 2 1 1 1 2 1 2 1 2 2 2 1 2 1 2 1 1 1 2 1 1 1 1 1 2 1 2 1 2 2 2 1 2 1 2 1 1 1 2 2 2 2 2 1 2 1 1 1 2 1 1 1 1 1 2 1 2 1 1 1 1 1 2 2 2 1 2 2 1 1 2 2 2 1 1 1 2 1 2 1 2 2 2 1 2 1 2 2 2 2 2 2 2 1 2 2 2 1 2 2 2 1 2 2 1 1 2 1 2 2 2 1 2 2 1 1 2 2 2 2 2 1 2 1 1 1 2 1 2 2 2 1 2 1 2 2 2 1 2 1 1 1 2 1 2 2 1 1 2 1 2 1 1 1 2 2 2 2 2 1 1 1 1 1 1 1 1 1 2 2 2 1 2 1 2 1 1 1 2 2 1 1 2 1 2 1 2 1 2 1 2 2 2 1 2 1 2 1 2 2 2 1 2 1 2 1 2 1 2 1 2 2 2 2 1 1 2 1 1 1 2 1 2 2 2 2 2 1 2 1 2 1 2 1 2 1 1 1 2 2 2 2 2 1 2 2 2 2 2 1 2 2 1 1 2 2 2 2 2 1 2 2 2 1 2 1 2 1 1 1 2 2 2 1 1 1 2 2 2 1 2 1 1 1 2 2 2 2 2 2 2 1 2 1 2 2 1 1 2 1 2 1 2 2 2 1 2 2 2 2 2 2 2 1 2 1 2 2 1 1 2 1 2 1 2 1 2 2 2 1 2 1 1 1 2 1 2 2 2 2 2 1 2 1 2 1 1 1 2 1 2 1 1 1 2 2 2 2 2 1 2 1 2 1 2 2 1 1 2 2 2 1 2 2 2 1 1 1 1 1 2 2 1 1 1 1 1 1 2 1 2 1 2 1 2 1 2 1 2 2 1 1 2 1 2 1 2 1 2 1 2 1 2 2 2 1 2 1 2 1 1 1 2 1 2 1 2 2 2 1 2 1 2 1 2 1 2 1 2 1 2 1 2 1 2 1 2 2 2 1 1 1 2 2 2 1 1 1 1 1 2 2 2 2 1 1 2 1 1 1 2 2 2 2 2 1 2 1 2 2 2 2 2 1 2 2 2 2 2 1 2 1 2 2 2 1 2 1 2 2 2 1 1 1 2 1 2 2 1 1 2 2 1 1 1 1 2 1 1 1 2 2 2 2 2 1 2 2 2 2 1 1 2 2 2 2 2 1 1 1 2 2 2 1 1 1 2 2 2 2 2 2 2 1 2 1 2 1 2 2 2 2 2 2 2 1 2 1 2 2 2 1 1 1 2 2 2 1 2 1 2 2 2 1 2 2 1 1 1 1 2 2 1 1 2 1 1 1 1 1 2 1 2 2 2 1 2 1 2 2 2 1 2 1 1 1 2 1 2 2 2 2 2 2 2 1 1 1 2 2 2 1 2 1 2 1 2 2 2 2 2 1 1 1 2 1 2 2 2 1 2 1 2 1 2 1 2 1 2 1 1 1 1 1 1 1 2 1 2 1 2 2 1 1 2 2 2 1 2 2 2 1 2 1 2 1 2 2 1 1 2 1 2 2 2 2 1 1 2 2 2 2 1 1 1 1 1 1 1 1 2 1 2 1 1 1 1 1 1 1 2 2 2 1 2 1 2 2 2 2 1 1 2 1 2 1 2 2 2 1 2 2 2 1 2 1 2 1 1 1 2 1 2 2 2 1 2 1 2 2 2 1 2 2 2 1 2 2 2 2 2 1 2 1 2 2 1 1 2 1 2 2 2 1 1 1 1 1 2 1 2 1 2 1 1 1 2 1 2 1 2 1 1 1 2 1 1 1 2 1 2 1 2 1 2 2 2 1 2 1 2 2 2 1 2 2 1 1 1 1 2 1 2 2 1 1 2 2 1 1 2 1 2 1 2 1 2 1 2 1 1 1 2 2 2 1 2 2 2 2 1 1 1 1 2 2 2 1 1 1 1 1 2 2 2 1 1 1 1 1 2 1 2 1 1 1 2 1 2 1 2 1 2 1 1 1 2 1 2 1 1 1 1 1 2 1 2 1 2 1 2 1 2 2 2 1 1 1 2 2 2 2 1 1 2 1 1 1 2 1 2 1 2 1 1 1 2 2 2 2 2 2 1 1 2 1 2 2 1 1 2 2 2 1 2 1 2 2 2 2 2 2 1 1 2 1 2 1 2 1 2 1 1 1 2 1 2 1 1 1 2 1 2 1 1 1 2 1 2 2 1 1 1 1 2 1 2 1 2 2 1 1 2 1 2 1 1 1 2 1 2 1 2 1 2 1 1 1 2 1 2 1 2 1 2 1 2 1 2 1 2 1 1 1 2 1 2 1 1 1 2 1 1 1 2 2 1 1 2 2 1 1 2 1 2 2 2 2 2 1 2 2 2 1 2 1 2 2 2 1 2 2 2 1 1 1 2 1 2 2 2 1 2 1 2 1 2 1 2 2 2 1 2 1 2 1 2 2 1 1 2 1 2 1 1 1 1 1 2 2 2 1 1 1 2 2 2 1 2 1 2 2 2 1 2 2 1 1 1 1 2 1 2 2 2 2 2 1 1 1 1 1 1 1 2 1 1 1 2 2 2 2 1 1 2 1 2 1 2 1 2 1 2 1 2 1 1 1 2 2 2 1 2 2 1 1 1 1 2 2 2 1 2 1 2 1 2 1 2 1 1 1 2 2 2 1 1 1 2 2 2 1 2 2 1 1 1 1 2 1 2 2 1 1 2 1 2 1 2 2 2 2 2 2 2 1 2 2 1 1 2 1 1 1 1 1 2 1 1 1 2 1 2 2 2 1 2 1 1 1 2 1 1 1 1 1 2 2 2 1 2 2 2 2 2 1 2 1 2 1 2 1 2 2 2 1 2 2 2 1 2 1 2 1 2 1 2 2 2 2 2 1 1 1 2 1 2 1 2 2 2 1 2 2 2 2 1 1 2 1 2 1 2 1 1 1 1 1 2 2 2 1 1 1 2 1 1 1 2 1 1 1 1 1 2 2 2 1 2 1 2 1 1 1 2 1 2 1 2 2 2 2 2 2 1 1 2 2 2 1 2 2 2 1 2 1 2 1 2 1 1 1 2 2 2 2 2 2 2 2 2 2 2 2 2 2 2 1 2 1 2 1 2 2 2 1 1 1 2 1 2 1 1 1 1 1 2 2 2 1 2 1 2 2 2 1 2 1 2 2 2 1 2 1 1 1 2 1 2 2 1 1 2 1 1 1 2 1 1 1 2 1 2 1 2 2 2 2 1 1 1 1 2 2 1 1 2 1 1 1 2 2 2 1 2 2 2 1 2 1 2 1 2 1 2 1 2 2 2 2 2 1 2 1 2 1 2 1 2 1 2 2 2 1 1 1 2 2 2 2 1 1 2 2 2 2 2 1 2 1 2 1 2 1 2 1 2 1 2 1 2 1 2 1 2 2 2 1 2 1 2 2 2 2 2 1 2 1 2 2 2 1 2 2 2 2 2 1 2 2 2 1 2 1 1 1 2 2 1 1 2 1 2 2 2 1 2 2 2 1 2 1 2 1 2 1 2 1 2 1 2 1 2 1 2 2 1 1 2 2 1 1 2 1 2 2 2 1 2 1 2 1 2 2 2 1 1 1 1 1 2 1 2 2 2 1 2 1 2 1 2 2
O161 2 2 2 1 2 1 2 1 2 1 2 1 2 2 1 1 2 1 2 1 2 2 2 1 2 1 2 2 2 2 2 1 1 1 2 2 2 2 2 1 2 2 2 2 1 1 2 1 2 1 2 2 2 1 2 1 2 1 2 1 1 1 2 2 1 1 2 1 2 1 2 2 2 1 1 1 2 1 2 1 2 1 2 2 2 1 2 1 2 1 2 1 1 1 2 1 2 1 2 1 2 1 1 1 2 2 1 1 2 2 2 2 2 1 1 1 2 2 2 2 2 2 2 2 2 1 1 1 2 1 1 1 1 1 2 1 2 1 1 1 2 2 2 1 1 1 2 2 2 1 2 1 2 1 2 1 1 1 2 2 2 1 1 1 2 1 2 1 1 1 1 1 1 1 2 1 2 1 2 1 1 1 2 1 1 1 2 2 2 2 2 2 2 2 1 1 2 1 1 1 2 1 2 2 2 1 2 2 2 1 2 1 1 1 1 1 1 1 2 2 1 1 2 2 2 2 2 1 2 1 2 1 2 2 2 1 1 1 1 1 2 2 2 2 2 2 2 1 2 2 2 2 2 1 2 1 2 2 1 1 2 1 1 1 2 2 2 1 2 1 2 1 1 1 2 1 2 2 1 1 1 1 2 1 2 1 2 2 1 1 2 1 2 1 2 2 1 1 1 1 2 1 2 2 2 1 2 1 1 1 2 1 1 1 1 1 2 2 2 1 2 2 2 1 2 1 1 1 2 1 2 1 2 1 2 1 1 1 2 1 2 1 2 1 2 2 2 1 2 1 2 1 2 1 2 1 2 1 2 2 1 1 1 1 2 1 1 1 2 1 2 1 2 1 1 1 2 1 2 2 2 2 2 2 2 2 2 1 1 1 2 1 1 1 2 1 2 1 1 1 2 1 2 1 2 2 2 1 2 1 2 1 2 1 2 1 2 1 2 1 2 1 1 1 2 2 1 1 2 2 2 1 2 1 2 1 2 1 1 1 2 1 1 1 2 1 2 2 2 1 1 1 2 1 1 1 2 2 2 1 2 2 1 1 1 1 2 1 1 1 1 1 2 2 2 1 2 1 2 1 2 1 2 1 1 1 2 2 2 1 2 1 2 1 2 2 2 2 1 1 1 1 1 1 1 1 2 1 2 2 2 1 1 1 2 1 2 1 2 2 1 1 2 1 2 1 2 1 2 1 2 1 1 1 2 2 2 1 2 2 1 1 2 1 2 2 2 1 2 2 2 1 1 1 2 1 2 2 2 2 2 2 1 1 2 2 2 1 2 1 2 1 2 2 1 1 2 1 2 1 2 1 2 1 2 1 1 1 2 2 2 1 2 2 1 1 2 2 1 1 2 2 1 1 1 1 1 1 2 1 1 1 1 1 1 1 2 2 2 2 2 2 2 2 2 1 2 2 2 1 2 1 2 2 2 1 2 2 2 1 2 2 2 1 2 1 2 2 2 1 2 2 2 1 2 1 2 1 2 1 1 1 2 1 2 1 2 1 1 1 2 2 1 1 2 2 2 2 1 1 2 2 2 1 2 1 2 1 2 1 2 2 1 1 1 1 2 2 2 1 1 1 2 1 2 2 2 2 2 1 1 1 2 2 2 2 2 1 2 2 2 1 1 1 2 1 2 2 2 1 2 1 1 1 1 1 2 1 2 1 1 1 2 1 2 2 1 1 2 2 2 1 2 1 2 1 2 1 2 1 1 1 2 1 1 1 2 1 1 1 2 2 2 1 1 1 2 2 2 1 2 1 2 1 2 1 1 1 2 1 1 1 2 1 1 1 2 1 2 1 2 1 2 1 2 1 2 1 2 1 2 2 2 1 2 1 2 1 2 2 2 1 2 1 2 1 2 1 2 1 2 2 1 1 2 1 2 1 2 1 2 1 2 1 1 1 2 2 2 1 2 1 2 1 1 1 1 1 2 2 2 1 1 1 2 1 1 1 2 1 1 1 2 1 1 1 2 1 2 1 2 2 2 1 2 1 2 2 2 1 1 1 2 1 2 1 2 2 2 1 2 1 2 1 2 1 2 1 2 2 2 1 2 1 2 2 1 1 1 1 2 1 2 1 2 1 1 1 2 2 2 2 2 1 2 1 1 1 1 1 2 1 2 1 2 1 2 1 2 2 1 1 2 1 2 1 2 2 2 2 2 1 2 1 2 1 2 1 2 1 2 2 2 1 1 1 2 1 2 1 1 1 1 1 2 2 2 2 2 1 2 1 2 1 1 1 1 1 2 1 1 1 2 2 1 1 2 2 1 1 1 1 2 1 2 1 1 1 2 1 1 1 2 1 2 1 2 1 2 2 1 1 2 1 1 1 2 1 2 1 2 2 2 1 1 1 2 1 2 2 2 1 2 1 2 1 2 1 2 2 2 2 2 1 1 1 2 1 2 1 2 1 2 1 2 1 2 1 2 2 2 2 2 2 1 1 2 1 2 1 2 2 2 2 2 1 2 2 2 1 1 1 2 2 2 2 2 1 1 1 1 1 2 1 2 2 2 2 2 2 2 2 1 1 2 1 2 1 1 1 2 2 2 1 2 1 2 2 2 1 2 2 2 2 2 1 2 1 1 1 2 1 1 1 1 1 2 2 2 2 2 1 2 1 2 1 2 2 2 1 1 1 2 2 1 1 2 1 1 1 2 1 2 1 2 1 2 2 1 1 2 2 2 2 2 1 2 1 2 1 2 1 2 2 2 2 1 1 2 1 2 1 1 1 2 2 2 2 1 1 2 1 2 1 2 2 1 1 2 1 2 1 2 2 2 1 2 1 2 2 1 1 2 2 2 1 2 2 1 1 1 1 2 1 2 2 2 1 2 1 2 2 2 1 2 1 2 2 2 1 2 1 1 1 2 2 1 1 2 2 2 1 2 2 2 1 2 1 2 1 1 1 1 1 2 2 1 1 2 1 2 1 1 1 2 1 2 2 2 1 1 1 1 1 2 1 1 1 1 1 2 1 2 1 2 1 2 2 1 1 2 1 2 2 2 2 2 1 2 2 2 1 1 1 1 1 2 1 2 1 2 1 2 1 1 1 2 2 2 1 1 1 1 1 2 1 2 1 2 1 2 1 2 1 2 1 1 1 2 2 2 1 2 1 2 1 2 2 1 1 1 1 2 1 2 1 2 1 1 1 2 1 2 1 1 1 1 1 1 1 2 1 2 2 2 1 2 1 2 1 2 2 1 1 2 1 2 2 2 2 1 1 2 1 2 1 1 1 2 1 2 2 2 1 1 1 2 1 2 1 2 2 1 1 2 2 2 1 2 1 2 1 2 1 2 2 1 1 2 1 2 2 2 1 2 1 1 1 2 1 2 1 1 1 1 1 2 1 2 1 2 1 2 1 2 2 2 1 2 1 2 2 2 2 2 2 2 1 1 1 2 2 2 1 2 1 1 1 2 1 2 2 2 2 2 1 1 1 1 1 2 1 2 2 2 1 1 1 2 1 2 1 2 1 2 1 2 1 1 1 2 2 1 1 2 1 2 2 1 1 1 1 1 1 2 1 2 1 2 1 1 1 2 2 2 1 2 1 2 1 2 1 2 2 1 1 1 1 2 2 1 1 2 1 1 1 2 1 2 1 2 1 2 1 2 2 2 1 2 1 1 1 2 1 2 1 1 1 2 1 1 1 2 1 2 1 2 1 2 1 2 2 1 1 2 2 2 1 2 2 2 2 1 1 2 1 2 1 1 1 1 1 2 2 1 1 2 2 2 2 1 1 2 2 1 1 1 1 2 2 2 1 2 2 2 1 1 1 1 1 2 1 2 2 2 2 2 1 2 1 2 2 2 1 2 1 2 2 2 1 2 1 2 1 2 1 2 2 2 2 1 1 2 1 2 1 1 1 2 2 2 2 1 1 2 2 2 1 1 1 2 1 2 1 2 1 1 1 2 2 2 2 2 2 1 1 2 1 2 2 2 1 2 2 2 2 2 1 2 2 1 1 2 1 1 1 2 1 2 2 1 1 2 1 2 2 2 2 2 1 2 1 2 1 2 1 1 1 2 1 2 2 2 1 2 1 2 1 2 1 2 2 2 1 2 2 2 1 2 2 2 1 2 1 2 1 2 1 2 1 2 1 2 2 1 1 2 1 2 1 2 1 2 1 2 1 2 1 2 1 2 2 1 1 2 2 2 1 2 1 1 1 2 1 2 1 2 2 2 2 2 2 2 2 2 1 2 1 2 1 2 1 1 1 2 1 2 2 2 1 2 1 2 2 2 1 2 1 2 1 1 1 2 1 1 1 2 1 2 1
O162 2 1 2 1 2 1 2 1 2 2 2 1 1 1 2 2 2 1 1 1 2 2 2 1 2 2 2 1 2 1 2 1 2 1 1 1 2 2 2 1 2 2 2 2 2 1 2 1 2 1 2 2 1 1 2 1 2 1 2 1 1 1 2 2 2 2 2 1 2 2 1 1 2 1 2 1 2 1 2 1 1 1 2 2 2 1 1 1 2 1 2 1 2 1 2 1 2 1 1 1 2 1 1 1 2 1 2 1 2 2 1 1 2 1 1 1 2 2 2 2 2 2 2 2 2 1 1 1 2 1 1 1 1 1 1 1 2 1 2 1 2 1 2 2 1 1 2 2 2 1 2 2 2 1 2 1 1 1 2 1 2 1 2 1 2 1 2 1 2 1 1 1 2 1 2 1 2 1 2 1 2 2 2 1 1 1 2 2 2 2 2 2 2 1 2 1 2 1 2 2 2 2 2 2 2 2 1 1 2 1 2 1 2 1 2 1 1 1 1 1 1 1 2 1 2 2 2 1 2 1 2 1 1 1 2 1 2 2 1 1 2 2 2 1 2 1 2 1 2 2 2 2 2 2 2 1 2 2 1 1 2 1 2 1 2 1 2 1 1 1 1 1 2 2 2 1 2 2 2 1 2 1 2 1 2 1 2 2 1 1 2 1 2 2 1 1 1 1 1 1 2 1 2 2 2 1 2 1 1 1 2 1 2 1 2 1 2 2 1 1 2 2 2 2 1 1 1 1 2 1 2 1 1 1 2 2 1 1 2 1 2 2 2 1 2 1 2 1 2 2 2 2 2 1 2 1 2 1 2 1 2 1 2 1 2 1 2 1 1 1 2 2 2 1 1 1 1 1 2 2 1 1 2 1 2 1 2 1 2 1 2 1 2 1 1 1 2 1 1 1 2 1 2 1 2 1 2 2 2 1 2 1 2 1 2 1 2 1 2 2 2 1 1 1 2 1 1 1 2 1 1 1 2 2 2 1 2 1 1 1 2 1 1 1 2 1 2 1 2 1 1 1 2 2 2 1 2 2 2 1 1 1 2 1 2 1 2 1 2 2 1 1 2 2 2 1 2 1 2 1 1 1 2 1 2 1 2 2 2 2 2 1 2 1 2 1 2 2 1 1 2 1 2 1 1 1 2 1 2 1 2 1 1 1 1 1 1 1 2 2 1 1 2 1 1 1 2 1 1 1 2 1 1 1 2 2 2 1 1 1 1 1 2 1 2 1 1 1 2 1 1 1 2 1 2 1 2 2 2 2 2 2 2 1 2 2 2 1 2 1 2 1 2 2 2 1 2 1 2 1 2 1 1 1 2 1 2 1 2 2 2 1 1 1 2 1 2 2 1 1 2 2 2 1 2 1 1 1 2 1 1 1 1 1 1 1 2 1 2 2 2 2 2 2 2 1 2 1 2 1 2 1 1 1 2 1 2 2 2 1 2 2 2 2 2 1 2 2 2 1 2 2 1 1 1 1 2 1 2 1 1 1 2 2 2 1 2 1 1 1 2 1 1 1 1 1 2 1 2 1 2 2 1 1 2 2 1 1 1 1 2 2 1 1 1 1 2 1 2 2 1 1 1 1 2 2 2 2 2 2 1 1 2 1 2 2 2 1 2 2 2 1 1 1 2 1 2 1 2 1 2 1 2 2 1 1 2 2 2 1 1 1 2 2 1 1 1 1 2 2 2 1 2 1 2 2 2 1 2 2 1 1 2 1 2 2 1 1 1 1 2 2 2 1 1 1 2 2 1 1 2 1 2 1 2 2 1 1 1 1 1 1 2 1 1 1 1 1 2 1 2 1 2 1 2 1 2 1 2 1 2 2 2 1 2 1 2 1 2 2 2 1 1 1 2 2 2 1 2 2 1 1 2 1 2 1 2 2 1 1 2 2 2 1 1 1 2 2 2 1 2 1 2 1 1 1 2 2 2 1 1 1 2 1 2 1 2 1 2 1 2 2 2 1 2 1 2 1 2 1 1 1 2 1 1 1 2 2 2 1 1 1 2 1 2 1 2 1 2 1 1 1 2 1 1 1 1 1 2 1 1 1 1 1 2 2 1 1 1 1 2 1 2 1 1 1 1 1 2 2 2 2 2 1 2 1 2 1 1 1 2 1 2 1 1 1 2 1 2 2 1 1 2 1 2 2 2 1 2 2 2 1 2 1 2 1 2 1 2 1 2 2 2 1 1 1 2 1 2 1 1 1 1 1 2 2 2 1 2 1 1 1 1 1 1 1 2 1 2 1 1 1 2 1 1 1 1 1 2 1 2 1 2 1 2 1 1 1 1 1 1 1 2 1 2 1 1 1 2 1 2 1 2 1 1 1 2 2 1 1 2 1 1 1 2 2 2 1 2 1 2 1 2 1 2 1 2 2 2 2 2 2 1 1 1 1 2 1 2 2 2 2 2 1 2 1 2 1 2 2 2 1 2 1 2 1 2 1 2 2 1 1 2 2 1 1 2 2 1 1 1 1 2 2 2 2 2 1 2 2 2 2 2 1 2 1 2 2 2 2 2 2 1 1 2 1 1 1 2 2 2 2 2 1 2 1 2 2 2 1 2 2 2 1 2 2 2 1 2 2 2 1 2 1 1 1 2 2 2 1 2 1 2 2 1 1 2 2 2 1 1 1 2 1 1 1 1 1 2 1 2 1 2 1 1 1 2 1 1 1 2 1 2 2 2 2 2 1 1 1 2 1 1 1 2 1 2 1 1 1 2 1 1 1 1 1 2 2 2 1 2 1 1 1 2 2 1 1 2 1 2 2 2 2 2 1 1 1 2 2 1 1 2 2 2 1 2 1 1 1 2 1 2 1 2 2 2 1 2 2 1 1 2 1 2 1 2 1 1 1 2 1 1 1 2 2 2 1 2 1 2 1 2 2 2 1 1 1 1 1 1 1 1 1 2 1 2 1 2 1 1 1 2 1 2 1 2 2 2 1 2 2 1 1 2 1 2 1 2 2 2 1 2 1 2 1 2 2 2 1 2 1 1 1 2 1 1 1 2 2 2 1 1 1 2 1 2 1 2 1 2 1 2 1 2 2 2 1 1 1 1 1 1 1 2 1 2 1 1 1 1 1 2 1 2 2 2 2 2 2 2 1 2 1 1 1 2 2 1 1 1 1 2 1 2 1 1 1 1 1 2 1 1 1 2 1 2 1 2 2 2 2 2 2 2 1 1 1 1 1 1 1 2 2 2 1 1 1 1 1 1 1 2 1 2 1 1 1 1 1 2 2 2 2 1 1 2 1 2 1 2 2 1 1 2 2 1 1 2 1 2 1 2 1 2 1 1 1 2 1 2 1 2 2 2 2 2 1 2 2 2 1 1 1 1 1 1 1 1 1 2 1 2 1 2 2 2 1 2 1 2 2 2 2 2 2 2 1 1 1 2 1 2 1 2 1 1 1 2 1 2 2 1 1 2 1 2 1 1 1 2 2 2 1 2 2 1 1 2 1 2 1 2 1 2 1 2 1 2 1 2 2 2 2 2 1 2 2 2 1 1 1 2 1 2 1 2 1 2 1 2 1 2 2 2 1 2 1 2 1 2 2 2 1 1 1 2 1 2 2 1 1 2 1 2 1 2 1 2 1 2 1 2 1 2 2 2 1 2 1 2 1 2 2 1 1 1 1 2 2 1 1 2 1 2 1 2 1 2 1 2 2 1 1 2 1 2 1 2 2 2 2 1 1 2 2 2 1 1 1 2 2 2 2 1 1 2 2 2 1 1 1 2 2 1 1 1 1 2 1 2 1 1 1 2 2 1 1 1 1 2 2 1 1 2 1 2 1 2 1 2 2 2 1 2 1 2 1 2 2 2 2 2 1 2 1 2 1 2 1 2 1 2 1 2 2 1 1 1 1 2 1 1 1 2 1 2 1 2 1 2 1 1 1 1 1 2 1 2 2 2 2 2 1 1 1 2 1 2 2 2 1 2 2 2 2 1 1 1 1 1 1 2 2 1 1 2 1 2 2 1 1 2 1 2 2 2 1 2 1 2 1 2 2 2 2 1 1 2 2 2 1 2 1 2 1 2 1 2 1 2 2 2 1 2 2 2 1 1 1 2 1 2 1 2 2 2 2 1 1 2 1 2 1 1 1 2 1 2 1 2 1 2 1 2 2 2 2 2 1 2 2 1 1 2 1 2 2 2 1 2 1 2 1 1 1 2 2 2 2 2 2 2 1 2 1 2 1 2 2 1 1 1 1 1 1 2 1 2 2 1 1 2 1 2 1 2 1 2 1 2 1 2 2 2 1 2 2 2 1
O168 1 1 2 2 2 2 2 1 2 1 2 1 2 2 2 2 2 1 2 1 2 1 2 1 1 1 1 1 1 1 2 2 2 2 2 2 2 1 1 1 1 1 2 2 2 2 2 1 2 1 1 1 2 2 2 1 2 1 2 2 2 1 1 1 2 1 2 2 2 1 2 1 1 1 1 1 1 1 2 1 2 2 2 2 1 1 2 2 2 1 1 1 2 2 2 2 1 1 2 2 1 1 2 2 2 1 2 2 1 1 2 1 2 1 2 1 2 1 1 1 2 2 2 2 1 1 2 1 1 1 2 1 2 1 1 1 2 1 1 1 2 1 1 1 2 1 1 1 2 1 2 1 2 1 1 1 2 2 2 2 2 1 2 1 1 1 2 1 2 2 2 2 2 1 1 1 1 1 2 1 2 2 1 1 2 2 2 1 2 2 2 2 2 2 2 1 2 2 2 1 1 1 1 1 1 1 2 1 1 1 2 1 2 2 2 1 2 2 2 1 2 1 2 2 1 1 1 1 1 1 2 1 2 2 2 1 2 2 2 1 1 1 2 2 2 2 1 1 2 1 2 1 2 2 2 1 2 1 2 1 2 2 2 1 1 1 2 1 2 1 1 1 2 1 1 1 1 1 2 1 1 1 2 1 2 1 1 1 2 1 1 1 2 2 2 1 2 2 2 1 2 1 1 1 2 1 1 1 2 1 2 1 2 2 2 2 2 1 2 2 1 1 2 1 2 1 2 1 2 1 2 1 2 1 2 1 2 1 1 1 2 1 2 2 1 1 2 2 2 1 2 1 2 1 2 1 2 1 2 1 2 2 2 1 1 1 1 1 2 1 2 1 2 2 2 2 2 1 1 1 2 1 2 2 1 1 2 2 2 1 2 1 2 1 2 2 2 2 2 1 2 1 1 1 2 1 2 2 1 1 2 2 2 1 2 2 2 2 2 1 2 2 2 1 2 2 2 2 1 1 2 1 2 2 2 1 2 1 1 1 2 2 2 1 1 1 1 1 1 1 2 1 2 1 2 2 2 1 2 2 2 1 2 1 2 2 2 1 2 1 2 2 2 1 2 2 2 1 2 2 2 2 1 1 2 2 2 1 2 2 2 2 2 2 1 1 1 1 2 2 2 1 2 2 2 2 1 1 2 1 1 1 2 1 2 1 2 1 2 1 2 1 2 1 2 1 2 1 2 1 2 1 2 2 1 1 1 1 2 1 1 1 2 1 1 1 1 1 2 1 2 1 2 2 2 2 1 1 1 1 1 1 2 2 1 1 2 2 1 1 2 1 2 2 2 1 2 1 1 1 2 2 2 2 2 2 2 1 2 1 2 2 1 1 2 1 2 1 2 2 1 1 2 2 2 1 2 1 1 1 2 1 2 2 2 1 1 1 2 1 2 1 2 1 1 1 2 1 2 2 2 1 2 1 2 1 2 2 2 1 2 1 1 1 2 2 2 1 1 1 1 1 2 2 2 1 2 2 2 1 2 2 2 1 2 2 2 2 2 1 2 1 2 2 2 1 1 1 2 2 2 2 2 1 2 2 2 1 2 2 2 1 2 2 2 1 2 2 2 1 2 2 2 2 1 1 2 2 2 2 1 1 1 1 1 1 2 1 2 1 1 1 1 1 2 1 2 2 1 1 2 1 2 1 2 1 2 1 2 1 2 1 1 1 2 2 1 1 1 1 2 1 1 1 2 1 2 2 1 1 2 2 2 2 1 1 2 1 1 1 2 1 2 1 2 1 1 1 2 2 2 2 2 1 2 1 2 2 2 2 2 2 1 1 2 2 2 1 1 1 2 2 2 1 1 1 2 2 2 2 2 1 2 2 1 1 2 2 1 1 2 1 2 1 1 1 2 2 1 1 2 1 1 1 1 1 2 1 2 1 2 2 2 1 1 1 1 1 2 2 2 2 2 1 2 1 1 1 2 2 1 1 1 1 2 1 2 2 1 1 2 2 1 1 2 1 2 1 2 1 2 1 2 1 2 2 1 1 1 1 2 2 2 2 2 1 1 1 2 1 2 2 2 1 2 1 2 1 1 1 2 2 2 2 2 1 2 1 1 1 1 1 2 1 2 1 2 1 1 1 1 1 1 1 2 2 2 1 2 2 1 1 2 1 2 1 1 1 1 1 1 1 1 1 2 1 1 1 2 1 2 1 1 1 1 1 2 2 2 2 1 1 1 1 2 1 2 2 2 2 2 1 2 2 2 1 2 1 2 1 2 1 2 2 2 2 2 2 1 1 2 2 2 1 2 1 2 1 2 2 2 1 1 1 2 1 2 1 1 1 2 2 2 1 1 1 2 1 1 1 2 1 2 1 1 1 2 1 2 2 2 2 2 2 2 1 1 1 2 2 2 1 2 1 2 2 1 1 2 1 2 2 2 2 2 1 2 2 1 1 2 1 2 1 2 1 1 1 2 1 2 2 1 1 2 1 2 2 1 1 2 2 2 1 2 1 2 1 2 1 2 2 1 1 2 1 2 1 2 1 1 1 1 1 1 1 2 1 2 1 1 1 2 2 2 1 2 2 2 1 2 1 2 1 2 2 2 1 2 1 1 1 1 1 2 1 1 1 2 2 2 2 2 1 2 2 1 1 1 1 2 1 1 1 2 2 1 1 2 1 2 1 2 1 2 2 2 1 1 1 2 2 2 2 2 2 1 1 2 1 1 1 2 1 2 1 2 2 1 1 2 1 2 2 1 1 2 1 2 1 2 2 2 2 2 1 1 1 2 1 2 1 2 1 1 1 2 1 2 2 2 1 2 1 2 2 2 2 2 1 2 2 2 1 2 1 2 1 1 1 2 1 2 1 1 1 2 1 2 1 1 1 1 1 2 2 1 1 2 2 2 1 2 1 1 1 1 1 2 1 2 1 2 1 2 2 2 1 2 2 2 2 2 1 2 2 1 1 1 1 2 2 2 2 2 2 2 1 2 2 1 1 2 2 1 1 2 2 1 1 2 2 2 2 2 1 2 1 2 1 2 1 2 1 2 1 2 1 2 1 2 1 2 1 1 1 2 1 2 2 2 1 1 1 1 1 2 1 2 1 2 2 2 1 2 1 2 1 2 1 1 1 2 2 2 2 2 2 2 1 2 2 2 2 1 1 2 1 2 1 2 2 2 1 2 1 2 2 2 2 2 1 2 1 2 2 2 2 1 1 1 1 2 1 1 1 2 1 1 1 2 1 1 1 2 2 1 1 2 2 2 1 2 1 2 2 2 1 2 1 2 1 1 1 2 1 2 2 2 1 1 1 2 1 2 1 2 1 2 2 1 1 1 1 1 1 1 1 1 1 1 1 2 1 2 1 2 2 1 1 2 1 1 1 2 1 2 1 2 1 2 2 1 1 2 1 2 1 1 1 1 1 1 1 2 1 2 2 2 1 2 2 2 2 2 2 1 1 2 1 2 2 2 1 1 1 2 2 2 1 2 1 2 2 1 1 2 1 1 1 1 1 2 2 1 1 1 1 1 1 1 1 2 1 2 1 2 1 2 2 2 1 2 1 1 1 1 1 2 2 1 1 2 2 2 1 2 1 1 1 2 2 1 1 2 1 2 2 1 1 2 1 2 2 2 2 1 1 1 1 2 1 2 1 1 1 1 1 2 1 2 2 2 2 2 1 2 2 1 1 2 2 2 2 2 2 1 1 2 1 1 1 2 1 1 1 1 1 2 2 2 1 1 1 2 1 2 2 2 1 1 1 2 1 2 1 2 1 2 2 1 1 2 1 2 2 2 2 2 1 2 2 2 1 2 1 2 1 2 2 2 2 2 1 2 2 2 2 2 2 1 1 1 1 2 1 1 1 2 1 2 1 1 1 2 1 2 2 1 1 2 1 2 1 2 2 2 1 2 1 2 1 2 1 2 1 2 1 2 2 2 1 1 1 2 1 2 2 2 2 2 2 2 1 2 1 2 1 1 1 2 2 1 1 1 1 1 1 2 1 2 1 1 1 1 1 1 1 1 1 1 1 2 2 2 1 2 1 2 2 2 2 2 1 2 1 2 2 2 2 2 1 2 1 2 2 2 1 1 1 2 1 2 2 2 1 1 1 2 2 1 1 2 1 2 1 2 1 2 1 1 1 2 2 2 1 1 1 2 1 2 1 2 1 1 1 2 1 1 1 2 1 2 1 2 1 2 2 2 1 2 1 2 2 2 2 2 2 1 1 2 1 2 1 1 1 2 1 1 1 2 1 2 2 2 2 2 1 2 1 2 1 2 1 2 1 2 1 2 1 2 2 2 1 2 1 1 1 2 2
O169 2 2 1 1 2 2 2 1 2 1 2 2 2 1 2 1 2 1 2 1 1 1 2 2 2 2 1 1 2 1 2 1 2 1 2 1 2 1 2 2 2 1 2 2 1 1 1 1 1 1 1 1 2 2 2 1 1 1 2 1 2 2 2 1 2 1 2 1 2 1 2 1 2 1 2 1 2 1 1 1 2 1 1 1 1 1 2 2 1 1 1 1 2 2 2 2 2 1 2 1 1 1 2 1 2 1 2 2 2 1 2 2 2 1 2 2 1 1 1 1 2 2 2 1 2 1 1 1 1 1 2 2 2 1 2 1 2 1 1 1 1 1 1 1 2 1 1 1 2 1 2 1 2 1 2 1 2 1 2 1 2 1 2 1 2 1 2 1 1 1 2 1 2 1 2 1 1 1 2 2 1 1 2 2 2 2 2 2 2 1 1 1 2 2 1 1 2 1 2 1 2 1 2 1 1 1 2 1 2 2 2 1 2 1 1 1 2 2 2 1 2 2 1 1 1 1 2 1 2 1 2 1 2 1 2 1 2 1 2 1 1 1 2 1 1 1 2 2 2 1 2 1 2 1 2 1 2 1 2 1 1 1 1 1 2 1 1 1 2 1 2 1 2 2 2 1 1 1 2 1 2 1 2 2 2 1 2 1 2 1 1 1 1 1 2 2 2 2 2 1 2 1 1 1 2 1 1 1 2 1 2 1 2 2 2 1 2 2 2 1 1 1 1 1 2 1 2 2 2 1 1 1 2 1 1 1 1 1 2 2 1 1 2 1 2 2 2 2 2 1 1 1 2 1 2 1 2 1 2 1 1 1 2 1 1 1 2 1 2 1 2 1 2 2 2 2 2 1 1 1 2 2 2 2 1 1 2 1 2 1 2 1 2 1 1 1 2 1 2 2 2 1 1 1 2 1 2 1 2 1 2 2 2 1 2 1 2 2 2 1 2 1 2 1 2 1 2 1 1 1 2 2 2 1 1 1 2 1 2 1 2 2 2 2 2 2 2 2 1 1 2 1 2 1 1 1 1 1 2 2 2 1 2 2 1 1 1 1 2 1 2 2 2 1 2 1 2 2 2 1 2 2 2 1 2 2 2 1 2 1 1 1 2 1 1 1 2 1 2 1 2 1 2 1 2 1 1 1 2 2 2 1 2 1 2 1 2 2 2 1 2 2 2 1 2 1 2 1 2 2 2 1 2 1 1 1 2 1 2 2 2 2 2 1 2 2 1 1 2 1 2 2 2 1 2 2 1 1 1 1 2 1 2 1 2 1 2 1 2 2 2 1 1 1 2 1 2 1 1 1 1 1 2 2 1 1 2 1 2 1 2 1 2 1 1 1 2 1 2 2 2 1 2 1 2 2 2 1 2 1 2 1 2 2 2 2 2 2 1 1 2 1 2 2 2 1 2 2 1 1 1 1 1 1 2 1 2 1 1 1 2 1 1 1 2 2 1 1 2 1 1 1 1 1 2 2 1 1 2 1 2 1 2 1 1 1 2 1 2 1 2 1 2 1 2 2 2 1 2 2 2 1 2 2 1 1 2 2 2 2 2 1 2 2 2 2 1 1 1 1 2 2 2 1 1 1 2 2 2 1 2 1 1 1 1 1 2 1 2 1 2 2 2 1 2 1 1 1 2 1 1 1 2 1 2 2 2 1 2 1 2 1 2 1 1 1 2 1 1 1 2 1 1 1 2 1 2 2 1 1 2 1 1 1 1 1 2 1 2 1 2 1 1 1 2 2 1 1 2 1 2 1 2 1 1 1 2 1 2 1 2 1 2 1 2 1 2 1 1 1 2 1 2 1 2 1 2 1 2 2 1 1 2 2 1 1 2 2 1 1 2 2 2 2 1 1 2 1 2 1 2 2 2 1 1 1 2 1 2 2 2 1 2 1 2 1 1 1 2 1 2 1 2 1 2 1 1 1 2 1 1 1 2 2 2 1 2 1 1 1 1 1 2 1 2 1 2 2 2 1 2 1 1 1 2 2 1 1 2 1 2 1 2 2 2 1 2 1 2 1 2 1 2 1 2 1 2 1 2 1 2 1 2 2 1 1 2 2 2 1 2 1 2 1 1 1 2 1 1 1 2 1 2 2 2 2 2 1 2 2 2 1 2 2 2 1 2 1 1 1 2 1 2 1 2 2 2 1 2 2 2 1 2 1 2 2 1 1 2 2 1 1 2 2 2 1 2 1 1 1 2 1 2 1 1 1 1 1 2 1 1 1 2 1 2 1 2 1 2 2 1 1 1 1 2 1 2 1 2 1 2 2 2 2 2 1 2 1 2 1 2 1 2 1 2 1 2 2 1 1 1 1 1 1 2 1 2 1 2 1 1 1 2 1 2 1 2 1 2 1 2 2 2 1 2 1 2 1 2 1 2 1 2 1 2 2 2 1 2 1 2 1 1 1 2 1 2 1 2 1 2 2 1 1 2 1 2 2 2 2 2 1 2 1 2 1 2 1 2 1 2 2 2 1 2 1 2 2 2 1 2 1 2 1 1 1 2 1 2 2 1 1 2 2 2 1 2 1 1 1 2 1 1 1 2 2 2 1 1 1 2 2 1 1 2 1 2 1 2 2 1 1 2 1 2 2 2 1 2 1 2 2 2 1 2 2 2 2 2 1 2 2 2 2 2 1 2 2 2 1 2 1 2 2 2 1 2 1 2 2 2 1 2 1 2 1 2 1 2 1 1 1 2 2 2 2 2 1 2 1 2 1 2 1 1 1 2 1 2 1 2 1 2 2 1 1 2 1 1 1 2 1 2 1 2 1 2 2 2 1 2 1 2 1 2 1 2 1 2 2 2 1 2 2 2 1 1 1 2 1 2 1 2 1 2 1 2 1 2 1 2 1 2 2 1 1 1 1 2 1 2 1 1 1 2 1 2 1 1 1 1 1 2 2 1 1 1 1 2 2 2 1 2 1 2 2 2 1 2 2 1 1 2 1 2 1 2 2 1 1 2 1 2 2 2 1 2 1 2 1 2 2 2 1 1 1 2 2 2 2 2 1 2 1 2 2 2 1 2 2 1 1 1 1 2 1 2 1 2 1 2 2 2 1 2 1 2 1 2 1 1 1 2 1 1 1 2 2 2 1 2 1 2 2 2 1 1 1 1 1 2 1 2 1 2 1 2 1 2 1 2 1 1 1 2 1 2 1 1 1 2 1 1 1 2 1 2 1 2 2 2 1 2 1 2 2 2 1 2 2 2 2 2 2 2 1 2 2 2 1 2 1 2 1 2 1 1 1 2 1 2 1 2 1 1 1 2 1 2 1 2 1 2 1 2 2 2 2 2 1 1 1 2 1 2 2 1 1 1 1 1 1 2 1 2 1 2 1 2 1 2 1 2 2 1 1 2 1 2 2 1 1 2 1 2 1 2 2 2 1 2 2 2 1 2 2 2 2 2 1 2 2 2 2 2 2 2 2 2 1 1 1 2 1 1 1 2 1 2 1 1 1 2 1 2 1 1 1 2 1 1 1 1 1 2 1 2 1 2 1 2 1 2 1 1 1 2 2 1 1 1 1 1 1 2 2 2 1 2 1 1 1 1 1 2 1 1 1 2 1 2 1 2 2 2 1 1 1 2 1 2 2 2 1 2 1 2 2 2 1 2 2 2 1 1 1 2 2 2 1 2 2 2 2 2 2 2 1 2 1 1 1 2 1 1 1 2 1 2 2 1 1 2 2 2 1 2 2 2 2 1 1 2 1 2 2 2 1 2 2 2 1 2 1 2 2 2 2 2 1 2 1 2 1 2 2 2 1 2 1 2 1 2 1 2 2 2 2 1 1 2 2 2 1 2 1 1 1 1 1 2 1 2 1 2 1 2 1 1 1 2 2 2 1 2 1 2 1 2 2 2 1 2 2 2 1 2 2 2 1 1 1 1 1 2 1 2 2 2 1 1 1 2 2 2 1 2 1 2 1 2 1 1 1 2 1 2 1 2 1 2 2 2 1 1 1 2 1 1 1 2 1 2 1 1 1 1 1 2 1 2 2 2 1 2 1 2 1 2 1 2 1 2 1 2 1 2 1 1 1 1 1 2 2 1 1 2 1 2 1 1 1 1 1 2 1 2 1 2 1 2 1 1 1 1 1 2 2 1 1 2 1 2 1 1 1 2 2 1 1 1 1 2 2 2 1 2 1 1 1 2 1 2 1 2 1 1 1 2 1 1 1 2 1 2 1 2 1 2 1 2 1 2 1 2 1 2 2 2 1 2 1 2 1 2 1 2 2 2 2 2 1 1 1 2 1 2 1 2 1
O171 2 1 1 1 2 1 2 1 2 1 2 2 2 1 2 1 1 1 2 1 1 1 2 2 2 1 2 1 2 1 2 1 2 1 2 1 2 1 2 2 2 1 2 2 2 1 2 1 2 1 1 1 2 2 2 1 1 1 1 1 2 1 2 1 2 2 2 1 2 1 2 1 1 1 2 1 2 1 1 1 2 1 1 1 1 1 2 2 1 1 1 1 2 2 2 2 2 1 2 1 2 1 2 1 2 1 2 2 1 1 2 2 2 1 2 2 2 1 2 1 2 1 1 1 2 1 2 1 1 1 2 1 2 1 2 1 2 2 2 1 2 1 1 1 2 1 2 1 1 1 1 1 2 1 2 2 2 1 2 1 2 2 2 1 2 1 2 1 2 1 2 2 1 1 1 1 2 1 2 1 1 1 2 2 2 2 2 1 2 1 2 1 2 2 1 1 2 2 2 1 2 2 1 1 2 1 2 1 2 1 2 1 2 2 2 1 2 1 1 1 2 1 2 1 1 1 1 1 2 1 2 1 2 2 2 2 1 1 2 1 1 1 2 1 1 1 2 2 2 2 2 1 2 1 2 1 2 1 2 1 1 1 2 1 2 1 2 1 2 1 2 1 2 2 2 1 1 1 2 1 2 2 2 1 2 1 2 1 2 1 1 1 1 1 2 2 2 2 2 1 2 1 1 1 1 1 1 1 2 2 2 1 2 2 2 2 2 1 2 1 1 1 2 1 2 1 2 2 2 1 1 1 2 1 1 1 2 1 1 1 1 1 2 1 2 1 2 1 2 1 2 1 2 1 2 1 2 1 2 2 1 1 2 1 1 1 2 1 2 1 2 1 2 1 2 2 2 1 1 1 2 2 2 1 1 1 2 1 2 2 2 1 2 1 2 1 2 1 2 2 2 1 2 1 2 1 2 1 2 1 1 1 2 1 2 1 2 2 2 1 2 1 2 1 2 1 2 1 1 1 2 2 2 2 2 1 1 1 2 1 2 1 2 1 2 1 2 1 1 1 2 1 2 2 2 1 2 1 2 1 2 1 2 2 2 1 1 1 1 1 2 2 1 1 2 1 2 1 2 2 2 2 2 1 2 2 2 1 2 2 2 2 1 1 1 1 1 1 2 1 2 1 2 1 2 1 1 1 2 2 2 1 2 1 2 2 2 2 2 1 2 2 2 1 1 1 2 2 2 2 2 2 2 1 2 1 2 2 2 2 2 1 2 2 2 2 2 1 2 1 2 2 2 1 2 1 2 1 2 1 2 2 2 1 1 1 2 1 2 2 2 1 1 1 2 1 2 1 2 1 1 1 2 2 1 1 2 1 2 1 2 1 1 1 2 1 2 2 2 1 2 2 2 2 2 1 2 2 2 1 2 1 2 2 2 1 2 2 1 1 1 1 2 2 1 1 1 1 2 1 2 1 1 1 2 1 2 1 1 1 1 1 1 1 2 2 1 1 2 1 1 1 1 1 2 1 2 1 2 1 2 1 2 1 1 1 2 1 2 2 1 1 2 1 2 2 2 1 2 2 2 1 2 2 1 1 2 2 2 1 2 1 2 2 2 2 2 1 2 1 2 1 2 1 1 1 2 1 2 1 2 1 1 1 1 1 2 1 2 1 2 2 2 1 2 1 1 1 1 1 1 1 2 1 2 2 2 1 2 1 2 2 2 1 2 1 2 2 1 1 2 1 1 1 2 1 2 1 1 1 2 1 1 1 1 1 2 2 2 2 2 1 2 1 2 2 1 1 2 1 2 2 2 1 2 1 2 2 1 1 2 1 2 1 2 1 2 1 1 1 2 1 2 1 2 1 2 2 2 2 2 1 2 1 2 2 2 2 2 1 1 1 2 2 2 1 2 2 2 1 2 2 2 1 1 1 2 1 2 2 2 1 1 1 2 1 1 1 2 1 2 2 2 1 2 1 1 1 2 1 1 1 1 1 2 2 2 1 1 1 1 1 1 1 2 2 2 2 1 1 2 1 1 1 2 2 2 1 2 1 2 1 2 2 2 1 2 2 2 1 2 2 2 1 2 1 2 1 2 1 2 1 2 2 1 1 2 1 2 1 2 1 2 1 2 1 2 1 1 1 1 1 2 1 2 2 1 1 2 1 2 1 2 1 2 1 2 1 1 1 2 2 1 1 2 2 2 1 2 2 2 1 2 1 2 2 1 1 2 2 2 1 2 2 2 2 2 2 2 1 2 2 2 1 2 1 1 1 2 1 1 1 2 1 2 2 2 1 2 2 1 1 1 1 2 2 2 1 2 1 2 1 2 2 2 1 2 2 2 1 2 2 1 1 2 1 2 1 1 1 1 1 2 1 2 2 2 1 2 1 1 1 2 1 1 1 1 1 2 1 2 2 2 2 2 1 1 1 2 1 1 1 2 1 2 2 2 1 2 1 2 1 1 1 2 1 2 1 2 1 1 1 1 1 1 1 2 2 2 1 2 1 1 1 2 2 2 1 2 1 2 2 2 2 2 1 2 1 2 1 2 2 1 1 2 1 2 1 2 2 1 1 2 2 2 1 1 1 1 1 2 1 2 1 2 2 2 1 1 1 1 1 1 1 2 1 2 1 2 2 1 1 2 1 2 2 1 1 2 1 2 1 2 1 2 2 2 2 2 1 2 1 2 1 2 2 2 2 2 1 2 2 2 2 2 1 2 2 2 2 2 1 2 1 2 1 2 1 2 1 1 1 2 2 2 2 2 1 2 2 2 1 2 1 1 1 2 1 2 1 2 1 2 2 1 1 2 2 2 2 1 1 2 1 2 1 2 1 2 1 1 1 2 1 1 1 2 1 2 2 2 2 2 2 1 1 2 1 2 1 2 2 2 1 2 1 2 1 2 2 2 1 2 2 2 1 1 1 2 1 2 1 1 1 2 1 2 2 1 1 1 1 2 1 1 1 1 1 2 1 2 2 2 2 2 2 2 2 2 2 1 1 2 2 2 1 2 2 1 1 2 2 2 2 1 1 1 1 2 1 1 1 2 1 2 1 1 1 2 1 2 1 2 2 2 2 2 1 2 2 2 1 1 1 2 1 1 1 2 1 2 1 2 1 1 1 2 1 2 1 1 1 2 1 1 1 2 1 2 1 2 1 2 2 2 1 2 1 2 1 2 1 2 1 2 1 2 1 2 2 2 1 1 1 2 1 2 1 1 1 2 1 2 1 2 1 2 1 2 2 2 1 2 1 2 2 2 1 2 2 2 2 2 2 2 1 2 2 1 1 2 2 2 1 2 1 1 1 2 2 2 1 2 1 1 1 2 2 1 1 2 1 2 1 2 1 2 2 2 2 1 1 2 1 2 2 1 1 1 1 2 1 1 1 1 1 2 1 2 1 1 1 2 1 1 1 2 1 2 2 1 1 2 1 2 2 2 1 1 1 2 2 1 1 2 2 1 1 2 1 2 1 2 2 2 1 2 2 2 1 1 1 2 1 1 1 2 1 1 1 1 1 2 2 2 1 1 1 2 1 2 1 1 1 2 1 2 1 2 1 2 1 2 1 1 1 2 2 2 1 2 1 1 1 1 1 2 1 1 1 1 1 1 1 2 1 1 1 2 1 2 1 2 2 2 1 1 1 2 1 2 1 2 2 2 1 2 1 2 1 2 2 2 2 1 1 2 2 2 1 2 2 2 1 2 2 2 1 2 1 2 1 2 2 2 1 1 1 2 2 1 1 2 1 2 1 2 2 2 2 1 1 1 1 2 2 1 1 2 2 2 1 2 1 1 1 2 1 2 2 2 1 1 1 2 2 2 2 2 1 2 1 2 1 2 2 2 1 1 1 2 1 2 1 2 1 1 1 1 1 2 1 2 1 2 1 2 1 1 1 2 2 2 1 1 1 2 1 2 2 2 1 2 1 2 1 1 1 2 1 1 1 2 1 2 2 2 2 2 1 1 1 2 2 2 1 2 1 2 1 2 2 1 1 2 1 2 1 2 1 2 2 1 1 2 2 2 1 1 1 2 2 2 1 1 1 2 1 1 1 2 1 1 1 2 1 2 1 1 1 2 1 2 1 2 1 2 1 1 1 1 1 2 1 2 1 1 1 2 1 2 1 2 1 1 1 2 1 2 2 2 1 2 1 2 1 2 1 2 1 2 1 2 1 2 1 2 2 2 1 2 1 2 1 2 1 2 1 1 1 2 1 2 2 2 1 2 1 1 1 1 1 2 1 2 1 2 1 2 1 2 1 2 1 2 1 2 2 2 1 2 1 2 1 2 1 2 1 2 2 1 1 1 1 2 1 2 1 2 2
O172 2 1 1 1 2 2 2 1 1 1 2 1 2 2 2 2 2 1 2 1 2 1 1 1 2 1 2 1 1 1 2 1 2 2 2 2 1 1 1 1 2 1 2 1 2 1 2 1 1 1 1 1 2 2 2 1 1 1 1 1 2 2 1 1 1 1 2 1 2 1 1 1 1 1 1 1 2 1 2 1 2 2 1 1 1 1 2 2 2 1 1 1 2 2 2 2 2 1 2 2 1 1 2 1 1 1 2 1 2 1 1 1 2 2 2 1 1 1 2 1 2 1 1 1 1 1 2 1 2 1 2 2 2 1 2 2 1 1 2 1 1 1 1 1 2 1 2 2 2 1 2 1 2 2 1 1 2 2 1 1 2 1 2 1 2 1 2 1 2 1 2 2 1 1 2 2 1 1 2 2 1 1 1 1 2 2 2 1 1 1 2 1 2 1 2 1 2 1 2 2 1 1 1 1 2 2 2 2 1 1 2 2 2 1 1 1 2 1 2 2 2 1 1 1 2 1 2 1 1 1 1 1 2 1 2 1 1 1 2 2 1 1 1 1 2 1 1 1 2 1 2 2 2 1 2 1 1 1 2 1 1 1 2 1 2 1 1 1 2 1 2 1 2 2 2 1 1 1 2 1 1 1 2 1 2 1 2 1 2 2 1 1 2 1 2 2 2 2 2 1 2 1 2 1 2 1 1 1 2 2 2 1 2 1 2 2 2 1 2 1 1 1 2 1 2 1 2 1 2 1 1 1 2 2 2 1 2 1 2 2 2 1 2 2 2 2 2 2 2 1 1 1 2 1 2 1 2 1 2 2 1 1 2 1 2 1 1 1 2 1 2 1 2 2 2 1 2 1 1 1 2 1 2 1 1 1 2 1 2 1 2 2 2 1 2 1 2 1 2 1 1 1 1 1 2 2 2 1 1 1 2 2 2 1 2 1 2 2 2 1 2 2 2 1 2 2 1 1 1 1 2 2 2 1 1 1 1 1 1 1 2 1 2 1 2 2 2 2 1 1 2 2 2 1 1 1 2 1 2 1 2 1 1 1 1 1 2 1 2 2 2 2 1 1 2 1 2 1 2 2 2 1 1 1 2 1 2 1 1 1 2 1 2 1 2 1 1 1 1 1 1 1 2 1 2 1 2 1 2 1 1 1 2 1 2 1 1 1 1 1 2 1 2 1 1 1 2 1 2 1 2 1 2 2 2 1 2 2 1 1 2 1 2 1 2 1 2 1 2 1 2 1 2 2 2 1 2 2 2 1 2 1 2 1 2 1 2 2 2 1 1 1 2 1 2 1 2 1 1 1 1 1 1 1 2 1 2 1 2 1 2 2 1 1 2 1 1 1 2 1 2 2 2 1 2 1 2 1 1 1 1 1 2 2 2 1 1 1 2 1 1 1 2 2 2 1 2 2 1 1 2 2 2 2 2 1 2 2 2 1 2 1 1 1 2 1 1 1 1 1 1 1 1 1 2 1 2 1 1 1 2 1 2 1 2 2 1 1 2 1 2 1 2 1 2 1 2 1 2 1 2 1 2 2 2 1 2 2 2 1 2 1 2 2 2 1 2 1 2 2 2 2 2 1 1 1 2 1 2 1 1 1 2 1 1 1 2 2 2 1 2 1 1 1 2 1 2 1 2 2 2 1 2 1 2 1 2 1 2 1 2 1 2 1 2 2 2 1 1 1 1 1 2 1 2 1 2 2 1 1 2 1 1 1 2 1 2 1 1 1 2 2 2 1 2 2 1 1 2 2 2 1 2 1 1 1 2 1 1 1 2 1 2 1 2 2 1 1 2 1 2 2 2 1 2 1 1 1 2 2 2 1 2 1 2 1 2 2 2 1 1 1 2 2 2 1 2 1 1 1 2 1 2 1 1 1 2 1 2 1 2 1 1 1 2 1 2 1 2 2 2 1 2 1 2 1 2 1 2 1 1 1 1 1 2 1 2 1 1 1 2 1 2 1 2 1 2 1 2 1 2 1 2 1 2 2 1 1 2 1 2 2 2 1 2 1 2 2 2 1 1 1 2 1 2 1 2 1 2 2 2 2 2 2 2 1 2 1 2 1 1 1 2 1 2 1 2 1 2 1 1 1 2 1 2 1 2 1 2 1 1 1 2 1 2 1 1 1 2 1 2 2 1 1 2 1 2 1 2 1 2 1 2 2 2 2 2 1 2 2 2 1 2 1 2 2 1 1 2 1 2 2 2 1 2 1 2 1 2 1 2 1 2 1 2 2 2 1 2 1 2 2 1 1 2 1 1 1 2 1 2 1 2 2 2 1 2 2 2 2 2 2 2 1 1 1 2 1 1 1 2 1 2 1 2 2 2 1 1 1 2 1 2 2 1 1 2 2 1 1 2 2 2 2 2 1 1 1 1 1 1 1 2 2 2 1 1 1 1 1 2 1 1 1 2 2 2 1 2 1 1 1 1 1 2 2 2 2 2 1 2 1 1 1 2 1 1 1 2 1 2 2 1 1 2 2 1 1 2 1 2 2 2 1 1 1 2 1 1 1 1 1 2 2 2 1 2 2 2 1 2 1 1 1 2 2 1 1 2 1 1 1 2 1 2 1 2 2 2 2 1 1 2 1 2 2 1 1 2 1 2 2 1 1 2 2 2 1 2 1 2 2 2 1 2 1 2 2 1 1 2 1 2 2 2 2 2 1 2 2 2 1 2 1 1 1 2 2 2 1 1 1 2 2 2 2 2 1 2 1 2 1 2 1 2 2 1 1 2 1 2 1 2 1 1 1 2 2 2 1 1 1 2 1 1 1 2 2 2 1 2 2 2 1 1 1 2 1 2 2 2 1 2 2 2 1 1 1 2 1 2 2 2 1 2 1 2 1 2 2 2 1 2 1 2 1 1 1 2 1 2 1 1 1 2 2 2 2 2 2 1 1 2 1 2 2 1 1 2 2 2 1 2 1 2 2 2 2 2 2 1 1 2 1 1 1 2 2 1 1 2 1 2 2 2 2 2 2 2 1 1 1 2 2 2 1 1 1 2 2 2 1 2 2 2 2 2 1 2 2 2 1 1 1 1 1 1 1 2 1 2 1 2 1 2 1 2 1 1 1 2 1 2 1 1 1 1 1 2 2 2 1 2 2 2 2 1 1 2 1 2 1 2 1 2 1 2 2 1 1 2 2 1 1 1 1 2 1 1 1 2 1 1 1 2 1 2 1 2 2 2 1 2 1 2 2 2 1 2 1 2 2 2 1 2 2 2 1 2 1 2 1 2 1 2 1 2 1 2 1 2 1 2 1 2 1 2 1 1 1 1 1 2 1 1 1 2 2 2 2 1 1 2 1 2 1 2 1 1 1 1 1 2 1 2 1 2 1 2 1 2 2 2 1 2 1 2 1 2 2 1 1 1 1 2 2 2 2 2 1 2 2 2 1 2 2 2 2 2 1 2 2 2 1 1 1 2 2 2 2 2 1 2 1 2 1 2 1 1 1 1 1 2 1 1 1 2 1 1 1 2 1 2 1 2 2 2 1 2 2 2 1 2 1 2 2 2 1 1 1 1 1 2 1 2 1 2 1 1 1 2 1 1 1 2 1 1 1 1 1 2 2 2 2 2 1 1 1 2 1 2 1 2 1 1 1 2 2 2 1 2 2 2 1 1 1 2 2 2 1 2 1 2 2 2 2 2 1 2 2 1 1 2 1 1 1 2 1 2 2 1 1 2 1 2 2 2 2 2 2 2 2 1 1 2 2 1 1 2 1 2 1 1 1 2 2 2 2 2 1 2 1 2 2 2 2 2 1 1 1 2 2 2 2 2 2 2 1 1 1 2 1 2 2 2 1 1 1 1 1 1 1 1 1 1 1 2 2 1 1 2 2 2 2 2 1 2 1 1 1 2 1 2 1 2 1 2 1 2 1 2 1 2 2 2 2 2 2 2 1 1 1 2 2 2 2 1 1 2 2 2 1 1 1 2 1 1 1 2 1 2 2 2 1 2 2 2 1 1 1 1 1 2 1 2 1 2 1 2 2 2 1 1 1 2 1 2 1 1 1 2 1 2 1 2 2 2 1 2 1 2 1 2 2 1 1 1 1 2 2 2 1 2 1 1 1 2 1 1 1 2 1 1 1 2 1 2 1 1 1 2 1 2 1 2 1 2 1 2 1 1 1 2 1 2 2 1 1 2 1 2 1 2 1 2 1 2 2 2 1 2 1 2 1 2 2 2 1 1 1 2 1 1 1 2 2 2 1 2 1 2 1 1 1 1 1 2 1 2 1 2 1 2 1 2 1 2 1 1 1
O181 2 1 2 1 2 1 2 1 2 2 2 1 1 1 2 2 2 2 2 1 2 2 1 1 2 1 2 2 2 1 2 1 2 2 1 1 2 2 2 1 1 1 2 1 1 1 2 1 1 1 2 2 2 2 2 1 2 1 2 2 2 1 2 2 2 1 1 1 2 2 1 1 2 2 2 1 2 2 2 1 2 2 2 1 1 1 2 2 2 2 2 2 2 1 2 2 2 2 2 2 2 2 2 2 2 2 2 2 1 1 2 1 2 1 2 1 2 2 2 2 2 1 2 2 1 1 2 2 2 2 2 1 2 2 1 1 2 1 2 1 1 1 2 2 1 1 2 1 2 2 2 2 1 1 2 1 1 1 2 2 1 1 2 1 2 2 2 2 1 1 1 1 2 2 2 1 2 1 1 1 1 1 1 1 2 1 2 2 2 2 1 1 2 2 2 1 1 1 2 2 2 2 2 2 1 1 1 1 2 2 2 2 2 2 2 2 2 1 2 1 2 1 2 1 2 1 2 2 2 1 2 1 2 1 2 2 2 2 2 1 1 1 2 2 2 2 2 2 2 2 1 1 2 2 2 1 1 1 2 1 2 2 1 1 2 2 2 2 2 2 2 1 2 1 2 2 2 2 2 2 1 1 2 1 2 1 2 2 2 1 2 2 2 1 2 1 2 1 1 1 2 2 2 1 2 2 2 1 2 1 2 2 2 2 1 1 2 1 1 1 1 1 2 1 2 2 1 1 2 2 1 1 1 1 2 2 2 2 2 2 2 2 1 1 1 1 2 2 2 1 2 1 2 2 2 2 2 2 2 2 2 1 2 2 1 1 2 2 2 2 2 2 2 2 2 1 2 2 2 1 2 1 1 1 2 1 2 1 2 2 1 1 2 2 2 1 1 1 2 1 2 2 2 2 2 1 2 1 2 1 2 1 2 1 2 1 1 1 2 1 2 1 2 1 2 2 2 2 2 2 1 1 1 1 2 2 2 1 2 2 2 2 1 1 2 1 2 1 2 2 2 2 2 1 2 1 1 1 2 1 1 1 2 1 2 2 2 1 2 2 1 1 2 1 2 1 2 2 2 2 1 1 2 2 1 1 2 1 2 2 2 1 1 1 2 1 2 2 1 1 2 2 1 1 2 1 2 1 1 1 2 1 1 1 2 1 2 2 2 1 1 1 1 1 2 2 2 1 1 1 1 1 2 1 2 2 2 1 2 2 2 1 1 1 2 2 2 1 1 1 1 1 1 1 1 1 2 1 2 1 2 2 1 1 2 2 2 2 2 2 2 2 2 1 2 2 2 1 2 1 2 2 1 1 2 1 2 2 2 1 2 1 1 1 2 1 1 1 1 1 2 2 2 2 2 2 2 1 2 1 1 1 2 2 2 1 2 2 2 1 2 2 1 1 2 1 2 2 2 1 2 1 2 1 1 1 2 1 2 1 2 1 2 2 2 2 2 2 2 2 2 2 2 2 2 1 2 1 1 1 1 1 1 1 2 2 2 1 2 1 2 1 1 1 1 1 2 1 1 1 1 1 2 1 1 1 2 1 2 1 1 1 1 1 2 1 1 1 1 1 1 1 1 1 2 2 1 1 1 1 2 2 1 1 2 2 2 1 2 2 2 1 2 2 1 1 1 1 2 1 1 1 2 2 2 1 2 1 2 2 1 1 2 1 2 2 2 2 2 1 1 1 2 2 2 1 2 2 2 2 2 1 2 2 2 2 2 2 2 2 2 2 2 2 2 1 2 1 2 1 2 1 1 1 2 2 2 2 2 1 2 2 2 1 1 1 2 2 2 2 2 1 2 1 2 1 1 1 2 1 2 1 2 1 2 1 2 2 2 2 2 2 2 1 2 2 2 2 2 2 2 1 2 2 1 1 2 2 2 2 2 2 1 1 2 2 2 2 2 2 2 2 2 1 2 2 2 2 2 2 2 2 1 1 2 1 2 2 2 2 2 2 2 2 2 2 2 1 1 1 2 1 2 2 2 1 2 1 2 1 2 2 1 1 1 1 1 1 1 1 2 1 2 2 2 1 2 2 2 1 2 2 2 1 2 2 2 1 2 1 2 1 2 2 2 2 2 2 2 2 2 2 2 1 2 2 2 2 2 2 2 2 2 1 2 2 1 1 2 2 1 1 2 2 1 1 2 2 2 2 2 1 2 1 2 1 2 2 2 1 2 2 2 1 1 1 2 2 2 1 2 1 2 1 2 2 2 1 2 2 2 2 2 2 1 1 2 1 2 1 2 1 2 2 2 1 1 1 2 1 2 2 2 1 2 1 2 1 2 2 2 2 2 1 2 1 1 1 2 2 2 2 1 1 2 1 2 1 2 1 1 1 2 2 2 2 2 2 2 1 1 1 2 2 1 1 1 1 2 2 2 2 2 1 1 1 2 1 1 1 2 2 2 1 2 1 1 1 2 2 1 1 2 1 2 1 1 1 2 1 2 1 2 1 2 1 1 1 2 2 1 1 2 1 2 1 2 1 2 1 1 1 2 1 2 1 1 1 2 2 2 1 2 1 1 1 2 1 2 1 2 1 2 1 2 1 2 2 2 1 1 1 2 2 2 1 2 2 1 1 2 1 2 2 2 1 2 2 1 1 2 1 1 1 2 1 2 1 2 2 2 2 1 1 2 1 2 2 2 2 1 1 1 1 2 1 1 1 1 1 1 1 2 1 2 1 2 1 2 1 2 2 2 1 2 2 2 2 1 1 1 1 2 2 2 1 2 1 2 2 2 2 1 1 2 2 1 1 2 1 2 2 2 2 2 2 1 1 2 2 1 1 2 1 1 1 2 1 2 1 2 2 2 1 2 2 2 2 2 2 2 1 1 1 2 1 2 2 1 1 1 1 2 2 2 2 2 2 2 2 1 1 2 1 1 1 2 2 2 2 1 1 1 1 2 1 2 1 2 1 1 1 1 1 1 1 1 1 1 1 2 1 2 1 2 1 2 1 2 2 2 1 2 1 2 1 2 1 2 1 2 1 1 1 1 1 2 2 2 1 2 2 2 1 2 1 2 1 1 1 2 1 2 1 2 2 1 1 1 1 2 2 2 2 2 2 2 1 2 2 2 2 1 1 2 2 2 1 2 2 2 1 2 2 2 2 2 2 2 2 2 1 2 2 2 2 2 1 2 1 2 2 2 2 1 1 2 1 2 1 2 2 2 2 1 1 1 1 1 1 2 2 1 1 2 1 1 1 2 1 1 1 1 1 2 1 2 1 2 1 2 2 1 1 1 1 2 1 2 2 2 2 2 1 1 1 2 1 2 1 2 1 2 1 2 2 2 1 2 1 2 2 2 2 2 1 2 2 1 1 2 2 2 2 1 1 2 2 2 1 2 1 2 1 2 1 2 1 2 1 2 1 2 2 1 1 1 1 1 1 1 1 2 2 2 1 2 2 2 2 2 2 2 1 1 1 1 1 2 2 2 2 1 1 2 2 2 1 2 1 2 2 2 1 2 1 1 1 2 1 1 1 2 2 2 2 2 1 1 1 1 1 2 2 2 2 2 1 2 1 2 2 2 1 2 1 2 2 2 2 2 1 1 1 2 2 1 1 2 2 1 1 1 1 1 1 2 1 2 1 2 1 2 1 2 1 2 1 1 1 2 1 1 1 1 1 1 1 1 1 1 1 2 2 2 1 1 1 1 1 2 1 2 1 1 1 1 1 1 1 1 1 2 1 2 1 2 1 2 1 2 2 2 1 2 2 2 2 1 1 2 2 2 2 2 2 1 1 2 1 2 2 1 1 1 1 2 1 2 1 1 1 1 1 2 1 2 1 1 1 2 2 1 1 2 1 1 1 2 1 2 1 1 1 2 2 2 1 2 1 1 1 1 1 2 2 2 1 1 1 1 1 2 1 2 2 2 1 2 1 2 1 2 1 1 1 1 1 2 1 2 2 2 1 2 1 1 1 2 1 1 1 2 2 1 1 2 1 2 2 2 2 2 2 1 1 2 1 2 1 2 2 2 2 2 2 2 1 1 1 2 2 1 1 2 2 1 1 2 1 2 1 1 1 2 1 2 1 2 1 2 2 2 2 2 2 2 2 2 2 2 2 2 2 1 1 2 2 1 1 1 1 2 1 2 2 2 2 2 1 1 1 2 1 2 2 2 1 2 1 2 2 2 2 1 1 2 1 2 1 1 1 1 1 2 2 1 1 2 1 1 1 1 1 2 1 2 2 2 2 2 2 2 2 2 2 2 1 2 1 2 2 2 2 2 1 1 1 1 1 2 2 2 1 2 2 2 1 1 1
O183 2 2 2 1 2 1 2 1 2 2 2 1 1 1 2 2 1 1 2 2 2 1 1 1 2 2 1 1 2 2 2 1 2 1 2 1 2 2 2 1 2 1 2 1 2 2 2 2 2 1 2 2 2 1 1 1 2 1 2 2 1 1 2 2 2 1 1 1 2 2 2 1 2 2 1 1 2 2 2 2 2 1 2 1 1 1 2 1 2 1 2 1 2 1 1 1 2 1 1 1 2 2 1 1 2 1 2 1 2 1 2 2 2 2 2 1 2 1 2 1 1 1 2 1 2 1 2 2 2 1 2 1 2 1 2 2 1 1 2 1 2 1 2 1 2 1 2 1 2 1 2 2 2 2 2 1 2 1 2 1 1 1 2 1 1 1 2 1 2 2 2 1 2 1 2 2 2 2 2 1 2 2 2 1 1 1 2 2 1 1 2 2 2 2 2 1 1 1 2 1 2 1 2 2 2 2 2 1 2 1 2 1 2 1 2 2 1 1 2 1 2 1 2 2 1 1 2 1 2 1 2 2 2 1 2 1 2 1 2 1 2 1 1 1 1 1 2 1 2 1 2 2 2 1 1 1 2 2 1 1 2 1 2 1 2 1 1 1 2 2 2 1 2 1 2 1 2 1 2 1 2 1 1 1 2 1 2 2 2 2 2 1 2 1 2 1 2 1 2 1 2 1 1 1 2 1 2 2 2 1 2 2 1 1 2 1 1 1 2 1 2 2 2 2 2 2 2 1 2 2 2 1 2 1 2 2 2 1 2 2 1 1 2 1 2 2 2 2 2 2 2 2 2 1 2 1 2 2 2 1 2 2 1 1 2 1 2 1 2 1 2 1 1 1 2 1 2 2 2 1 2 1 1 1 2 1 2 1 2 1 1 1 2 1 1 1 2 2 2 1 2 2 2 2 2 1 2 2 2 1 2 2 2 1 2 1 1 1 2 1 2 1 2 2 2 1 2 1 2 1 2 1 2 2 2 1 2 1 2 1 2 1 2 2 2 1 2 1 2 2 2 1 1 1 2 1 2 1 2 1 2 1 2 1 2 2 2 1 2 1 2 1 2 2 1 1 2 1 2 1 2 2 2 2 1 1 2 1 1 1 2 1 2 2 2 1 2 1 2 1 2 2 1 1 2 1 2 1 2 1 2 1 2 1 1 1 2 1 1 1 2 1 2 1 2 2 2 1 2 2 2 1 2 1 2 1 1 1 1 1 1 1 1 1 2 1 2 1 2 1 2 1 2 2 2 1 2 1 2 2 2 1 1 1 2 2 2 1 2 1 2 1 1 1 2 1 1 1 1 1 2 1 2 2 2 2 2 1 1 1 2 2 2 1 2 1 1 1 2 1 2 2 1 1 2 1 2 1 2 2 2 1 1 1 2 2 2 2 2 2 2 2 2 1 2 2 2 1 2 1 1 1 2 1 1 1 2 1 2 1 2 1 2 2 2 2 1 1 2 2 2 2 2 1 2 1 2 1 1 1 2 2 1 1 2 1 2 1 2 1 2 1 1 1 2 1 2 1 2 1 2 1 2 1 2 2 2 1 1 1 1 1 1 1 2 1 2 1 2 2 2 1 1 1 2 1 2 1 2 1 1 1 2 1 2 1 2 1 2 1 2 1 2 2 2 1 2 1 2 1 2 1 2 1 2 2 2 2 2 1 2 1 1 1 2 1 2 2 2 1 2 2 2 1 2 2 1 1 2 2 2 2 1 1 2 1 2 1 2 2 2 1 2 1 1 1 2 1 2 1 2 2 1 1 2 2 1 1 2 1 2 2 2 1 2 1 2 2 2 1 1 1 1 1 1 1 1 1 2 1 2 1 2 1 2 1 2 1 2 1 2 1 1 1 2 2 1 1 2 2 2 1 2 1 2 1 2 1 2 1 2 1 2 2 2 1 1 1 1 1 1 1 2 1 2 1 2 2 2 1 1 1 1 1 1 1 2 2 2 1 2 1 2 1 2 1 1 1 2 1 2 1 2 1 1 1 2 2 2 1 2 1 2 1 1 1 2 1 2 1 2 1 1 1 1 1 2 1 2 1 1 1 1 1 1 1 2 2 2 1 2 1 2 1 2 2 2 2 2 1 2 1 2 2 1 1 2 1 2 1 2 2 2 1 1 1 2 1 2 1 1 1 2 1 1 1 2 1 2 1 2 1 2 1 2 1 2 1 2 1 1 1 2 1 1 1 2 1 2 1 1 1 2 1 2 1 2 1 1 1 2 2 1 1 2 1 1 1 2 1 2 1 2 2 1 1 2 2 2 2 1 1 1 1 2 1 2 2 2 1 1 1 2 1 2 1 2 2 1 1 2 1 2 1 2 1 2 1 2 1 2 1 2 1 2 2 2 1 2 1 1 1 2 1 2 1 2 1 2 1 1 1 1 1 1 1 1 1 2 1 2 1 2 1 2 2 2 2 2 2 1 1 2 2 2 1 1 1 2 1 2 1 2 1 1 1 2 2 2 1 2 1 2 1 1 1 2 2 2 2 2 1 2 1 2 2 2 1 2 1 2 2 2 1 2 1 2 1 2 1 1 1 1 1 1 1 2 1 2 2 2 2 2 2 2 1 2 2 1 1 1 1 2 1 1 1 2 2 2 1 2 1 2 1 1 1 1 1 1 1 1 1 1 1 2 2 2 1 2 1 1 1 2 1 2 2 2 1 2 1 2 2 2 1 2 1 1 1 2 1 2 1 2 1 1 1 2 1 2 2 2 2 2 1 2 1 1 1 1 1 2 1 2 1 2 1 1 1 2 1 2 1 2 1 1 1 2 2 1 1 2 2 2 2 2 2 2 2 2 1 2 2 1 1 2 1 2 1 2 1 2 1 2 2 2 1 2 1 1 1 2 1 2 1 2 1 2 2 2 1 2 1 2 1 2 2 1 1 2 1 2 1 2 2 2 1 2 1 2 1 1 1 1 1 1 1 2 1 1 1 2 2 1 1 2 2 1 1 2 1 2 1 2 1 2 1 1 1 2 1 2 2 1 1 1 1 2 2 1 1 2 2 2 2 2 1 1 1 2 1 1 1 2 1 2 2 2 2 2 1 1 1 1 1 2 2 2 1 2 2 2 1 2 2 2 1 2 1 2 1 2 1 2 1 2 2 2 1 2 2 2 2 2 1 2 1 2 1 2 1 2 2 2 2 2 1 1 1 2 2 2 1 2 2 2 1 2 1 2 1 2 2 2 1 2 1 2 2 2 1 2 1 2 1 2 1 2 2 2 2 2 1 2 1 2 1 2 2 2 1 2 1 2 2 2 2 1 1 2 1 2 1 2 1 2 1 2 2 1 1 2 2 2 2 2 2 2 1 2 1 1 1 1 1 2 1 1 1 2 1 2 1 1 1 2 1 2 1 2 1 2 1 2 1 1 1 1 1 1 1 1 1 2 1 2 1 2 1 2 2 1 1 1 1 2 2 2 1 2 1 2 1 2 1 1 1 2 1 2 2 1 1 1 1 2 1 2 2 2 1 2 2 2 1 2 1 2 2 2 1 2 1 2 1 2 2 1 1 1 1 2 2 1 1 2 1 2 2 2 1 1 1 2 2 2 2 2 2 1 1 2 1 2 1 2 2 2 1 2 2 2 2 2 2 2 2 2 1 1 1 1 1 1 1 2 1 1 1 2 1 2 1 2 1 1 1 2 1 1 1 2 2 2 1 2 2 2 1 2 1 1 1 1 1 1 1 2 1 1 1 2 1 2 1 1 1 1 1 2 1 2 2 2 2 2 2 1 1 2 2 2 1 2 1 2 1 2 1 2 1 1 1 2 2 2 1 2 1 2 2 2 1 2 2 1 1 1 1 2 1 2 1 2 2 2 1 2 2 2 1 2 1 2 1 2 2 1 1 2 1 2 2 2 1 2 2 2 1 1 1 2 1 1 1 2 1 2 1 1 1 1 1 2 1 2 2 2 1 2 2 1 1 2 1 2 1 2 1 2 1 2 1 2 2 2 1 2 1 2 1 2 2 1 1 2 1 2 1 2 2 2 1 2 2 2 1 1 1 2 2 2 2 2 1 2 1 2 1 2 2 2 1 1 1 1 1 2 1 1 1 1 1 1 1 2 2 2 2 1 1 1 1 2 1 2 1 2 1 1 1 2 2 1 1 2 2 2 1 2 1 2 1 2 2 2 1 2 1 2 2 2 1 2 2 1 1 2 1 2 1 2 1 2 1 2 1 1 1 2 2 2 1 2 2 1 1 1 1 2 1 1 1 1 1 2 2 2 1 2 1 2 2 2 2 2 2 2 2 2 2
O184 2 1 2 2 1 1 2 1 2 2 2 1 1 1 2 2 1 1 2 1 2 1 1 1 2 2 2 1 2 2 2 2 1 1 1 1 2 2 2 2 2 2 2 1 2 2 2 2 2 1 2 2 2 1 1 1 1 1 2 1 1 1 2 1 1 1 1 1 2 2 2 1 2 1 1 1 2 1 2 1 2 1 2 1 2 2 1 1 2 1 2 1 1 1 1 1 2 2 1 1 2 2 1 1 2 1 2 1 2 2 2 2 2 1 1 1 2 1 1 1 2 1 2 2 2 1 2 2 2 1 1 1 2 2 2 2 1 1 2 2 2 2 2 1 2 2 2 2 2 1 2 2 1 1 2 2 2 2 2 1 1 1 2 1 2 1 2 1 2 2 1 1 2 1 2 1 2 1 2 1 2 2 1 1 1 1 2 2 1 1 2 1 2 1 2 1 2 2 1 1 2 1 2 1 1 1 2 1 2 2 2 2 2 2 2 2 2 1 2 2 1 1 2 2 2 1 2 1 1 1 2 2 1 1 2 1 2 2 2 1 2 2 1 1 2 1 2 1 1 1 2 1 2 2 2 1 2 2 1 1 2 1 2 1 2 1 2 1 2 2 2 1 1 1 2 1 2 1 2 1 2 1 1 1 2 1 2 2 2 1 2 2 2 1 1 1 2 1 1 1 2 2 2 2 1 1 2 1 2 1 2 1 2 1 2 2 2 2 2 1 2 2 2 2 2 1 2 1 2 1 2 1 1 1 2 2 2 1 2 1 1 1 2 1 2 1 2 2 2 1 2 2 2 1 1 1 2 1 2 2 2 2 1 1 2 1 2 1 2 2 2 1 1 1 2 1 2 2 2 2 2 1 2 2 2 2 2 1 2 1 1 1 2 2 1 1 2 1 2 1 2 1 2 2 2 1 2 2 2 1 2 1 2 1 2 1 2 1 2 1 2 1 2 2 2 1 2 1 2 2 2 1 2 2 2 2 1 1 2 1 1 1 2 1 1 1 2 1 2 2 2 2 2 1 2 2 2 1 2 2 1 1 2 2 2 1 2 1 2 2 2 1 2 1 2 1 2 1 2 1 2 1 2 2 1 1 2 1 2 2 2 1 2 2 2 2 2 2 2 2 2 2 2 1 2 2 2 2 1 1 2 2 2 1 2 1 2 1 2 2 2 1 2 2 2 1 2 2 1 1 1 1 1 1 2 1 2 1 2 1 1 1 2 2 1 1 2 2 2 1 2 1 2 1 2 1 2 2 2 2 2 1 1 1 2 2 1 1 1 1 2 1 2 1 2 2 2 1 2 1 2 2 2 2 2 1 2 1 2 1 2 1 2 1 1 1 2 1 1 1 1 1 2 2 2 1 1 1 2 2 2 2 1 1 2 1 2 1 2 1 1 1 2 2 2 1 2 1 2 1 2 1 2 2 1 1 2 1 2 1 2 1 2 2 2 1 1 1 2 2 2 1 2 1 2 1 2 2 1 1 2 2 2 1 2 1 2 1 2 1 1 1 1 1 2 2 2 1 1 1 2 1 2 2 2 1 2 2 1 1 2 2 1 1 2 1 1 1 2 2 2 1 1 1 2 2 2 2 2 1 2 1 2 2 1 1 1 1 2 1 2 1 1 1 2 1 1 1 2 1 2 1 2 1 1 1 2 1 1 1 1 1 1 1 1 1 2 1 2 1 2 2 2 2 2 2 1 1 2 2 2 1 2 1 2 1 1 1 2 2 2 2 2 1 2 1 2 1 2 1 2 2 1 1 2 2 2 1 2 1 2 2 2 2 2 1 2 2 2 1 2 1 1 1 2 1 1 1 2 1 2 1 2 1 2 2 2 2 2 2 2 2 1 1 2 2 2 1 2 1 2 1 2 2 2 2 2 1 1 1 2 2 2 1 2 1 2 2 1 1 2 1 1 1 1 1 2 1 2 2 2 2 2 1 2 1 2 2 1 1 2 1 2 2 2 2 1 1 1 1 2 2 2 1 1 1 2 1 2 1 2 1 2 1 1 1 1 1 2 1 2 2 1 1 2 1 1 1 2 1 2 1 1 1 2 1 2 1 1 1 2 2 2 1 1 1 2 2 2 1 2 2 2 2 1 1 2 2 2 2 2 1 2 2 1 1 2 1 1 1 1 1 2 2 1 1 1 1 1 1 1 1 1 1 2 1 2 2 2 1 2 1 1 1 2 1 2 2 2 1 1 1 2 1 2 2 2 2 2 1 2 2 1 1 1 1 2 2 1 1 1 1 2 2 1 1 2 2 2 1 2 2 1 1 2 1 2 1 1 1 1 1 2 1 2 1 2 2 2 1 2 1 1 1 2 1 1 1 1 1 2 2 1 1 2 1 2 1 2 2 2 2 2 1 2 1 2 2 2 2 2 1 1 1 1 1 2 1 2 1 2 2 2 1 1 1 2 1 2 1 1 1 2 2 1 1 2 2 2 1 1 1 2 2 2 1 2 2 2 1 2 2 2 2 1 1 2 2 2 2 2 1 2 1 2 1 2 1 1 1 2 2 2 1 2 2 1 1 2 1 1 1 2 1 1 1 2 1 2 2 2 1 2 1 2 2 2 2 1 1 1 1 2 2 1 1 2 2 1 1 1 1 2 1 1 1 2 1 1 1 1 1 1 1 2 1 2 1 2 2 1 1 1 1 2 1 2 1 2 1 1 1 2 2 2 1 1 1 2 2 1 1 1 1 1 1 1 1 2 1 2 2 2 2 2 2 1 1 2 1 2 1 2 1 2 1 1 1 1 1 2 2 2 1 1 1 1 1 2 1 2 1 2 2 2 2 2 1 1 1 2 2 2 1 2 1 2 2 2 1 1 1 2 1 2 1 1 1 2 2 2 1 2 2 2 2 2 2 2 1 2 2 2 1 2 2 2 1 2 1 2 1 2 1 2 2 2 2 2 2 1 1 2 1 1 1 2 1 1 1 2 2 2 1 2 2 2 1 2 1 2 1 2 1 2 1 2 1 1 1 2 1 1 1 2 1 1 1 1 1 2 2 2 1 1 1 1 1 1 1 2 1 2 1 2 2 2 1 2 1 1 1 1 1 2 2 2 1 2 1 2 1 2 2 2 1 2 1 2 2 2 1 1 1 2 2 2 1 2 2 2 1 2 1 2 1 2 1 2 1 2 1 2 2 2 2 2 2 2 2 2 1 2 1 2 1 2 1 2 1 1 1 2 1 2 2 2 2 2 1 2 1 2 1 2 2 2 1 2 1 2 1 2 1 2 1 2 1 2 1 2 1 2 1 2 2 1 1 2 1 2 1 2 1 2 2 2 1 1 1 2 2 2 1 2 2 2 1 2 1 2 1 2 1 2 2 2 2 2 1 2 2 2 1 2 1 1 1 2 1 2 1 1 1 2 2 1 1 2 1 1 1 1 1 2 1 2 1 2 1 1 1 1 1 2 1 2 1 2 1 2 1 2 1 1 1 2 1 2 2 1 1 2 1 2 1 2 2 2 1 2 2 2 1 2 2 2 2 2 1 2 2 1 1 2 2 1 1 2 1 2 2 1 1 2 1 2 1 2 2 2 2 2 2 1 1 2 2 2 1 2 1 1 1 2 2 2 1 2 2 1 1 2 1 2 2 2 1 1 1 1 1 1 1 2 2 1 1 1 1 2 2 2 1 2 1 2 2 2 1 2 2 2 2 2 2 1 1 1 1 1 1 2 1 2 2 2 1 2 1 2 1 2 2 1 1 2 1 2 1 2 2 2 1 2 2 1 1 2 1 1 1 2 2 2 1 2 1 2 2 1 1 2 1 2 1 2 2 2 2 2 2 2 1 2 1 2 2 2 2 2 1 1 1 2 1 2 2 2 2 2 1 2 1 2 2 2 1 1 1 1 1 1 1 2 1 2 1 2 1 2 1 2 2 2 1 2 2 2 1 1 1 2 2 2 1 1 1 2 2 2 2 2 1 2 2 2 2 1 1 2 2 2 2 2 1 2 1 2 1 2 1 2 1 2 1 2 1 2 2 2 2 2 1 1 1 1 1 2 1 2 2 2 1 2 1 2 1 2 1 2 1 1 1 2 2 2 2 1 1 1 1 2 1 2 2 2 2 2 1 2 1 1 1 2 2 2 1 2 1 2 2 1 1 2 1 2 2 2 1 2 2 2 1 2 1 2 2 2 2 2 1 2 2 1 1 1 1 2 1 2 1 2 2 2 1 1 1 2 2 1 1 2 2 1 1 2 1 2 1 2 1 2 1 2 2 2 1 2 1 2 2 2 2 2 2 2 1 2 1
O185 2 2 2 1 2 1 1 1 2 1 2 1 1 1 2 2 1 1 2 2 2 2 2 2 2 2 2 1 2 1 2 1 1 1 1 1 2 2 2 1 1 1 2 2 2 1 2 2 2 2 2 1 2 1 1 1 2 2 2 1 2 2 2 2 2 1 2 1 2 1 2 1 2 1 1 1 2 2 1 1 2 2 2 2 2 2 1 1 2 2 2 2 2 1 2 1 2 1 2 1 2 1 2 2 2 2 2 1 2 2 2 1 2 2 1 1 1 1 2 1 2 2 2 2 1 1 2 1 2 1 2 1 2 1 2 1 1 1 2 1 1 1 2 2 2 1 2 2 1 1 2 2 2 2 2 1 2 1 1 1 2 1 2 1 2 1 2 1 2 2 2 1 2 2 2 2 2 1 2 1 2 1 2 1 1 1 2 1 2 2 2 2 1 1 2 1 1 1 2 2 2 2 2 2 2 1 1 1 2 1 2 1 2 1 2 1 1 1 2 1 2 2 2 2 2 2 2 2 2 1 2 2 2 2 2 2 2 2 2 2 2 1 1 1 2 2 2 1 2 1 1 1 1 1 2 1 2 2 2 1 2 1 2 2 2 1 2 1 2 1 1 1 2 2 2 2 2 1 2 2 2 1 2 2 2 2 2 2 2 2 2 2 1 1 2 1 2 1 2 1 2 1 2 1 2 1 2 2 1 1 1 1 2 1 1 1 1 1 1 1 2 1 2 1 2 1 2 2 2 1 2 2 2 2 2 2 2 2 2 2 2 1 1 1 2 1 1 1 2 2 2 2 2 1 2 2 1 1 2 1 2 2 2 1 2 2 1 1 1 1 2 2 2 1 1 1 2 1 2 2 2 1 1 1 2 1 1 1 2 1 2 1 2 1 2 1 2 1 1 1 2 1 2 1 2 1 2 2 2 2 2 2 1 1 2 1 2 1 2 1 2 1 2 1 2 2 2 2 2 2 2 2 1 1 1 1 2 1 2 1 2 2 2 1 2 2 2 2 2 1 2 2 1 1 2 1 2 1 2 1 1 1 2 2 2 1 2 2 2 1 1 1 2 1 2 1 2 1 1 1 2 2 1 1 2 2 1 1 1 1 2 1 2 2 2 2 2 2 2 2 2 1 1 1 1 1 2 2 2 1 2 2 2 2 2 1 2 1 1 1 2 1 2 2 2 2 2 2 2 1 2 1 2 2 2 2 2 1 2 1 1 1 2 1 1 1 1 1 2 1 1 1 2 2 1 1 2 2 2 1 2 1 2 1 2 2 2 2 1 1 2 2 2 2 1 1 1 1 2 1 2 1 1 1 2 2 2 1 2 1 1 1 2 1 2 1 2 1 2 2 1 1 2 1 2 2 2 1 2 2 2 2 1 1 2 2 2 1 2 2 2 1 1 1 1 1 2 2 2 2 1 1 2 2 2 1 2 1 2 2 2 1 2 1 2 1 2 1 2 2 2 2 2 1 1 1 2 2 1 1 2 2 1 1 2 1 1 1 2 1 2 1 2 1 1 1 2 2 2 1 2 2 2 1 2 1 2 2 1 1 2 1 1 1 2 1 2 2 2 2 2 1 1 1 1 1 1 1 2 2 2 1 1 1 2 1 2 2 1 1 2 1 1 1 2 1 2 2 2 2 2 2 2 1 2 1 1 1 2 1 2 1 2 2 2 1 1 1 2 2 2 2 2 1 2 1 1 1 2 2 2 1 2 2 2 2 2 1 2 2 1 1 1 1 2 1 1 1 2 2 2 1 1 1 1 1 2 1 2 1 1 1 2 1 2 1 2 2 1 1 2 1 2 1 2 2 2 1 2 1 2 2 2 1 1 1 1 1 2 1 2 1 2 1 2 1 1 1 2 1 2 1 1 1 2 2 2 1 1 1 2 1 2 2 2 1 1 1 1 1 2 2 2 2 1 1 2 2 1 1 2 2 1 1 2 1 2 2 2 2 2 2 1 1 1 1 2 1 2 1 1 1 2 1 1 1 2 1 2 1 2 1 2 1 2 2 1 1 2 1 2 1 2 1 2 1 1 1 2 1 1 1 2 2 2 1 2 1 2 1 2 1 2 2 2 2 2 1 1 1 2 2 2 1 2 1 1 1 2 2 2 2 1 1 1 1 2 1 2 1 2 2 2 2 2 1 2 2 2 2 1 1 2 1 1 1 2 1 1 1 2 2 2 2 2 2 1 1 2 2 2 1 1 1 1 1 2 2 2 1 1 1 2 2 2 1 1 1 2 1 2 2 2 2 2 1 2 2 2 2 2 1 2 1 2 1 2 1 2 1 1 1 2 1 2 2 2 1 2 2 1 1 2 2 1 1 2 1 1 1 1 1 2 2 2 2 2 2 1 1 1 1 1 1 2 1 2 2 2 2 2 1 2 2 2 1 2 1 1 1 1 1 2 1 1 1 1 1 2 2 1 1 2 2 2 2 2 2 2 2 2 1 1 1 2 1 2 1 2 1 1 1 2 1 2 2 2 2 2 2 2 2 2 1 2 2 2 2 2 2 2 2 2 1 1 1 2 1 2 2 2 2 2 1 2 1 2 2 2 2 2 2 2 2 2 1 1 1 1 1 2 1 2 1 2 2 2 2 1 1 2 1 2 1 2 2 2 1 2 2 2 1 2 1 2 1 1 1 1 1 2 1 1 1 2 1 2 2 2 2 2 1 2 2 2 1 1 1 2 1 2 2 2 1 2 2 1 1 2 2 2 2 1 1 2 1 2 2 1 1 2 2 1 1 1 1 2 1 1 1 1 1 2 1 1 1 2 1 2 2 2 2 2 2 2 2 2 1 2 1 2 2 2 2 2 2 2 2 2 1 2 1 2 2 2 2 2 2 2 1 2 2 2 2 2 1 2 1 2 2 2 1 2 2 2 2 1 1 2 2 2 2 1 1 2 1 1 1 1 1 2 1 2 2 2 1 2 2 1 1 2 2 1 1 2 1 1 1 2 2 2 1 1 1 2 2 2 1 1 1 2 2 2 1 2 1 2 1 2 1 2 1 1 1 1 1 2 2 1 1 2 1 2 2 2 1 2 2 2 1 1 1 1 1 2 1 2 2 1 1 2 1 1 1 2 2 2 1 2 1 2 2 1 1 2 2 2 2 2 2 2 1 1 1 2 2 2 2 2 2 2 2 1 1 1 1 1 1 2 1 2 2 2 1 1 1 1 1 2 2 2 1 2 1 1 1 2 1 2 1 1 1 1 1 1 1 2 1 2 2 2 1 2 2 1 1 2 2 2 1 2 2 2 1 1 1 1 1 2 2 1 1 2 2 2 2 2 2 1 1 2 2 2 1 2 2 1 1 2 2 2 1 2 1 2 2 2 1 2 1 2 1 2 1 2 2 2 1 2 1 2 2 1 1 2 1 1 1 2 1 1 1 2 1 2 1 2 1 1 1 2 1 1 1 2 2 2 1 2 2 2 2 2 1 1 1 1 1 1 1 1 1 2 2 2 2 2 2 1 1 2 2 2 2 2 2 2 1 2 1 1 1 1 1 1 1 1 1 1 1 2 1 1 1 1 1 2 2 1 1 2 2 2 2 1 1 2 1 2 1 1 1 2 2 2 1 2 1 2 2 2 2 1 1 2 2 2 1 2 2 1 1 1 1 2 2 1 1 2 2 2 2 2 1 2 1 2 2 2 1 2 2 2 1 2 2 2 1 1 1 2 2 2 1 2 2 2 1 2 2 2 1 2 2 2 1 2 2 2 1 2 2 2 1 2 2 2 1 2 1 2 1 2 1 2 1 2 1 2 2 2 2 1 1 2 1 2 1 2 2 1 1 2 2 2 1 2 2 2 1 2 2 2 2 2 1 2 2 2 2 2 1 2 1 2 1 2 1 1 1 2 2 2 2 2 2 2 1 1 1 2 2 2 2 1 1 2 1 2 1 2 1 2 2 2 2 2 2 2 2 1 1 2 2 2 1 2 2 1 1 1 1 2 2 2 1 2 2 1 1 2 2 1 1 2 2 2 2 2 2 2 1 2 1 2 1 2 2 2 2 2 2 2 1 2 1 1 1 2 2 2 2 2 1 2 2 2 1 1 1 2 1 2 1 2 2 2 1 2 1 1 1 2 1 1 1 2 2 2 2 2 1 1 1 2 2 2 1 2 1 2 1 1 1 2 2 2 1 2 1 2 2 1 1 1 1 2 2 2 2 1 1 2 2 2 2 1 1 2 1 2 2 2 2 2 1 2 1 2 1 2 1 1 1 2 1 2 1 2 1 2 1 2 1 2 2 2 1 2 1


0  0     !prob. of dad/mum included in the candidates
0  0       !numbers of candiadte males & females
0  0          !#known fater-offspring dyads, paternity exclusion threshold
0  0          !#known moter-offspring dyads, maternity exclusion threshold
0             !#known paternal sibship with unknown fathers
0             !#known maternal sibship with unknown mothers
0             !#known paternity exclusions
0             !#known maternity exclusions
0             !#known paternal sibship exclusions
0             !#known maternal sibship exclusions
