'larvae_snps'  !Dataset name
'larvae_colony'  !Output file name
76         ! Number of offspring in the sample
231        ! Number of loci
100        ! Seed for random number generator
0          ! 0/1=Not updating/updating allele frequency
2          ! 2/1=Dioecious/Monoecious species
0          ! 0/1=No inbreeding/inbreeding
0          ! 0/1=Diploid species/HaploDiploid species
0  0       ! 0/1=Polygamy/Monogamy for males & females
0          ! 0/1=Clone inference =No/Yes
0          ! 0/1=Full sibship size scaling =No/Yes
0          ! 0,1,2,3=No,weak,medium,strong sibship size prior; mean paternal & meteral sibship size
0          ! 0/1=Unknown/Known population allele frequency
1         ! Number of runs
2         ! Length of run
0         ! 0/1=Monitor method by Iterate#/Time in second
100000    ! Monitor interval in Iterate# / in seconds
0         ! non-Windows version
1         ! Fulllikelihood
3         ! 1/2/3=low/medium/high Precision for Fulllikelihood

V@        !Marker names
0@        !Marker types, 0/1 = codominant/dominant
0.000@    !Allelic dropout rate  
0.0001@   !false allele rate

O034 2 2 2 1 2 2 0 0 2 2 2 2 2 1 2 1 2 2 2 2 0 0 0 0 1 1 2 2 0 0 2 1 2 2 2 2 1 1 2 1 2 2 1 1 2 2 2 1 2 2 2 2 2 1 2 2 1 1 0 0 2 1 2 2 2 2 2 2 2 2 2 1 2 1 2 2 2 2 2 2 2 1 2 1 0 0 2 2 2 2 2 2 2 2 2 2 0 0 2 2 2 2 2 1 2 1 2 1 1 1 0 0 2 1 2 2 0 0 2 2 1 1 1 1 1 1 2 1 2 1 2 2 2 2 2 2 2 2 1 1 2 2 0 0 2 2 2 2 1 1 2 1 0 0 2 2 2 1 0 0 2 2 2 2 1 1 2 2 2 2 2 1 0 0 2 2 0 0 2 1 1 1 2 2 2 2 2 2 2 2 0 0 2 2 2 2 0 0 2 2 2 2 2 2 1 1 2 1 2 2 0 0 1 1 2 2 2 1 2 2 2 2 2 2 2 2 0 0 0 0 2 2 0 0 2 1 2 2 2 2 2 1 2 1 2 2 2 2 2 1 2 2 0 0 1 1 2 1 2 1 2 2 2 1 1 1 0 0 2 1 0 0 2 2 2 2 2 1 0 0 0 0 0 0 2 2 2 2 0 0 2 2 2 2 2 2 0 0 2 1 2 1 2 2 0 0 2 1 2 1 1 1 2 2 2 2 2 2 1 1 0 0 2 2 0 0 2 2 2 2 2 2 0 0 2 1 2 1 2 1 1 1 2 1 0 0 2 2 2 1 2 2 2 2 2 2 2 2 0 0 2 2 2 1 2 2 1 1 2 1 2 2 2 2 1 1 1 1 1 1 1 1 2 2 2 2 0 0 2 2 0 0 2 2 2 1 0 0 2 1 0 0 2 2 2 2 2 2 2 2 2 2 1 1 2 1 2 1 2 1 2 1 2 2 2 2 2 2 0 0 0 0 2 2 2 1 2 2 2 2 0 0 2 2 2 1 2 1 2 1 2 2 0 0 2 2 1 1 2 1 0 0
O035 0 0 2 2 1 1 0 0 0 0 0 0 2 2 0 0 0 0 0 0 0 0 0 0 0 0 0 0 0 0 0 0 0 0 0 0 0 0 2 2 0 0 0 0 0 0 2 2 0 0 2 2 0 0 0 0 0 0 0 0 0 0 0 0 2 2 2 2 0 0 0 0 0 0 0 0 0 0 2 2 0 0 2 2 0 0 0 0 1 1 2 2 0 0 2 2 0 0 1 1 2 2 0 0 0 0 1 1 2 2 2 2 2 2 0 0 0 0 0 0 0 0 2 2 0 0 0 0 0 0 0 0 0 0 2 2 0 0 0 0 0 0 0 0 0 0 0 0 2 2 0 0 0 0 0 0 0 0 0 0 2 2 2 2 0 0 0 0 0 0 2 2 2 2 0 0 0 0 0 0 0 0 0 0 0 0 0 0 2 2 0 0 0 0 0 0 2 2 2 2 2 2 2 2 0 0 2 2 0 0 0 0 0 0 2 2 0 0 0 0 0 0 0 0 0 0 0 0 0 0 2 2 0 0 2 2 0 0 0 0 0 0 0 0 0 0 0 0 0 0 0 0 0 0 0 0 0 0 0 0 0 0 0 0 0 0 0 0 2 2 0 0 2 2 2 2 2 2 0 0 0 0 2 2 0 0 0 0 0 0 0 0 0 0 0 0 0 0 0 0 0 0 0 0 0 0 0 0 0 0 0 0 2 2 2 2 0 0 0 0 2 2 0 0 0 0 2 2 0 0 0 0 0 0 2 2 0 0 0 0 0 0 0 0 0 0 0 0 0 0 0 0 0 0 2 2 0 0 0 0 0 0 2 2 2 1 0 0 0 0 0 0 0 0 0 0 2 2 2 2 0 0 0 0 0 0 0 0 0 0 0 0 0 0 0 0 0 0 0 0 2 2 2 2 0 0 0 0 0 0 0 0 0 0 0 0 0 0 0 0 0 0 0 0 0 0 0 0 0 0 0 0 0 0 0 0 2 2 0 0 0 0 0 0 0 0 2 2 0 0 0 0 1 1 0 0 0 0 0 0 2 2
O037 0 0 2 2 0 0 0 0 2 2 2 1 0 0 2 2 0 0 0 0 1 1 0 0 0 0 0 0 1 1 2 2 2 2 0 0 0 0 0 0 2 2 0 0 0 0 0 0 2 2 0 0 0 0 0 0 0 0 0 0 0 0 2 2 0 0 2 2 2 2 2 1 1 1 0 0 2 2 2 2 0 0 2 2 0 0 2 2 2 2 0 0 2 2 2 2 0 0 2 2 2 2 2 2 2 2 0 0 1 1 0 0 0 0 0 0 2 2 0 0 0 0 2 1 2 2 0 0 0 0 0 0 2 2 2 2 2 2 2 2 0 0 0 0 0 0 0 0 0 0 2 2 2 2 0 0 0 0 2 2 0 0 0 0 0 0 0 0 2 2 0 0 0 0 0 0 0 0 0 0 2 2 2 1 0 0 2 2 0 0 2 2 0 0 0 0 2 2 0 0 0 0 0 0 0 0 0 0 0 0 0 0 0 0 2 2 0 0 0 0 2 2 2 1 0 0 2 2 0 0 2 2 1 1 0 0 0 0 2 2 2 2 0 0 2 2 2 1 0 0 0 0 2 2 0 0 2 2 2 2 1 1 0 0 0 0 0 0 0 0 0 0 0 0 2 2 0 0 0 0 2 2 2 2 0 0 0 0 2 2 0 0 0 0 0 0 2 2 2 2 2 1 2 2 2 2 2 2 0 0 2 2 0 0 0 0 0 0 2 2 2 2 2 2 2 2 2 2 2 2 0 0 2 2 0 0 0 0 2 2 0 0 1 1 0 0 0 0 0 0 0 0 0 0 2 2 0 0 0 0 0 0 0 0 0 0 0 0 2 1 2 2 2 2 1 1 0 0 1 1 0 0 0 0 0 0 0 0 2 2 2 2 2 2 0 0 0 0 0 0 2 2 2 2 0 0 2 2 2 2 2 2 0 0 0 0 2 2 0 0 0 0 0 0 0 0 0 0 2 2 2 2 0 0 0 0 0 0 0 0 0 0 0 0 2 2 2 2 2 2 2 2 2 2 0 0 0 0 0 0 0 0
O039 2 2 2 1 2 2 2 2 2 2 0 0 2 1 2 2 2 2 2 1 2 1 1 1 2 2 2 2 2 2 2 2 0 0 2 1 2 1 1 1 1 1 2 2 2 2 2 1 2 2 2 2 2 1 2 1 2 1 2 2 2 2 2 2 2 2 0 0 2 2 2 1 1 1 2 1 2 2 2 2 2 2 2 2 2 1 2 1 2 1 2 1 2 2 2 1 2 2 2 2 2 1 2 1 1 1 1 1 2 1 2 1 2 2 1 1 2 1 2 1 2 2 1 1 2 1 0 0 2 2 2 1 2 2 2 2 2 2 1 1 2 2 2 2 2 1 2 2 2 2 2 2 2 2 2 1 2 2 2 1 2 2 2 1 1 1 1 1 2 2 2 2 2 2 2 2 2 2 2 1 2 2 2 1 2 2 2 1 2 2 0 0 2 2 2 2 2 2 2 2 2 1 2 1 2 2 2 1 2 1 2 2 2 1 2 2 2 1 2 2 2 2 2 1 2 1 2 2 1 1 2 2 2 1 2 2 2 1 2 2 2 2 2 2 0 0 2 1 2 1 2 2 2 2 2 1 2 1 2 2 2 1 2 2 1 1 2 2 2 2 2 2 1 1 2 2 2 1 2 1 2 2 2 2 2 2 2 1 2 2 2 1 2 2 2 2 2 1 2 2 2 1 2 2 2 2 2 2 2 1 1 1 2 1 2 1 2 1 2 2 2 2 2 2 2 2 2 2 2 1 2 1 2 1 1 1 2 1 1 1 2 1 2 1 2 1 2 2 2 2 2 2 2 1 2 2 2 1 0 0 2 2 1 1 2 1 2 1 2 2 2 2 2 2 1 1 2 2 2 1 2 1 2 2 2 1 2 2 2 1 2 2 2 1 1 1 0 0 2 1 2 1 2 1 2 2 2 2 1 1 2 2 2 2 2 2 2 2 2 1 1 1 2 1 2 1 2 2 2 2 2 2 2 1 1 1 2 1 2 1 2 1 2 1 2 1 2 1 2 2 2 2 2 1 2 1 2 2 2 1 2 1
O041 1 1 2 1 2 2 1 1 2 2 2 2 2 2 2 1 2 2 2 2 2 1 2 2 2 1 2 1 2 1 2 2 2 2 2 2 2 1 0 0 2 1 2 1 2 2 2 2 2 2 2 1 2 1 2 2 1 1 2 2 2 1 2 2 2 1 2 2 2 1 2 1 2 1 2 1 2 2 2 1 2 2 2 2 2 2 2 2 2 1 2 1 2 1 2 1 2 1 2 1 2 1 2 2 2 1 2 2 1 1 2 2 2 2 2 1 0 0 2 2 2 1 2 1 2 2 2 2 2 1 1 1 2 1 2 1 2 1 2 1 2 2 2 2 0 0 2 2 2 1 2 2 1 1 2 2 2 2 2 2 2 1 2 2 1 1 2 1 2 2 2 1 2 1 2 2 0 0 2 2 2 2 0 0 2 2 2 1 2 1 2 1 2 2 2 1 0 0 2 2 2 1 2 2 2 2 1 1 2 1 2 2 1 1 2 1 2 1 2 1 1 1 1 1 2 1 2 1 2 1 2 1 2 2 2 2 2 2 2 2 2 1 2 1 2 1 2 2 2 1 2 1 2 1 2 1 2 2 2 2 1 1 2 1 2 1 2 1 2 2 2 2 2 1 1 1 2 2 2 2 2 2 1 1 2 2 1 1 0 0 2 2 2 2 2 1 2 1 2 1 2 1 2 1 2 1 2 2 2 2 2 1 0 0 2 1 2 2 0 0 0 0 0 0 0 0 2 2 2 2 2 2 2 1 2 1 1 1 2 2 2 2 2 2 2 2 2 1 1 1 2 2 2 2 2 2 2 2 2 1 2 1 2 2 2 2 2 2 2 1 2 1 2 1 1 1 2 1 2 2 2 1 2 1 2 2 0 0 2 2 2 2 2 2 2 2 1 1 2 2 2 2 2 2 2 2 2 2 2 1 2 1 2 1 2 1 2 2 2 1 2 1 0 0 2 1 2 2 2 2 2 2 2 2 2 1 2 1 2 1 2 1 1 1 2 2 2 1 2 2 2 1 2 1 2 1 2 1 2 1 2 1
O043 0 0 2 2 2 2 1 1 2 2 2 2 2 2 0 0 2 2 2 2 2 1 2 2 2 1 2 1 2 1 2 1 2 2 2 1 2 1 2 2 0 0 2 1 2 2 0 0 2 1 2 1 2 2 1 1 2 1 2 2 2 1 2 2 2 1 0 0 2 2 2 1 2 1 2 1 2 2 2 2 2 2 2 2 2 2 2 2 2 2 2 1 2 1 2 1 2 2 2 1 1 1 2 1 2 1 2 1 2 1 2 1 2 2 2 1 1 1 2 1 2 2 2 2 2 2 2 1 2 2 2 1 2 2 2 2 2 2 2 1 2 2 2 2 2 1 2 2 2 1 2 2 1 1 2 2 2 2 2 2 2 2 2 2 2 1 2 1 2 2 2 1 2 2 2 2 2 2 2 2 2 2 2 1 2 2 2 2 2 2 2 2 1 1 2 2 2 1 2 1 2 1 2 2 2 2 2 1 2 1 2 1 0 0 2 2 1 1 0 0 1 1 2 2 0 0 1 1 2 1 2 1 2 2 2 2 2 2 2 2 1 1 2 1 2 1 2 1 2 1 2 1 2 2 2 1 2 1 2 2 2 1 1 1 2 2 2 2 2 2 2 1 2 2 2 1 2 1 2 2 2 2 2 2 2 1 1 1 2 2 2 2 0 0 1 1 2 1 1 1 2 1 2 2 2 1 2 1 2 2 2 1 1 1 2 2 2 2 2 2 2 2 2 1 2 1 2 2 2 2 2 2 2 1 2 1 2 1 2 2 2 2 0 0 2 2 1 1 2 1 2 2 2 1 2 2 2 2 2 1 2 1 2 2 2 1 2 2 2 2 2 2 0 0 2 1 2 2 2 2 1 1 2 2 2 2 2 1 2 2 2 1 2 2 2 2 2 1 2 2 2 1 2 2 2 2 2 2 2 1 2 1 2 2 2 2 0 0 2 2 2 1 2 1 2 2 2 2 2 2 2 2 2 2 0 0 2 1 2 2 1 1 2 1 2 2 2 1 2 2 2 2 2 2 2 1 2 2 1 1 2 1
O044 0 0 0 0 2 2 0 0 0 0 0 0 2 2 0 0 0 0 0 0 0 0 0 0 0 0 0 0 0 0 0 0 0 0 0 0 0 0 0 0 0 0 0 0 0 0 0 0 0 0 0 0 0 0 0 0 0 0 0 0 0 0 0 0 0 0 0 0 0 0 2 2 0 0 0 0 0 0 0 0 0 0 0 0 2 2 0 0 0 0 0 0 2 2 0 0 0 0 2 2 0 0 0 0 2 2 0 0 0 0 0 0 0 0 0 0 0 0 0 0 0 0 0 0 0 0 0 0 0 0 0 0 0 0 0 0 0 0 0 0 0 0 0 0 0 0 0 0 0 0 0 0 0 0 0 0 0 0 0 0 0 0 0 0 0 0 0 0 0 0 0 0 0 0 0 0 0 0 0 0 0 0 0 0 0 0 2 2 0 0 0 0 0 0 0 0 0 0 0 0 0 0 0 0 0 0 0 0 0 0 0 0 0 0 2 2 0 0 0 0 0 0 0 0 0 0 0 0 0 0 0 0 0 0 0 0 0 0 0 0 0 0 0 0 0 0 0 0 0 0 0 0 0 0 0 0 2 2 0 0 0 0 0 0 0 0 0 0 0 0 0 0 0 0 0 0 0 0 0 0 2 2 0 0 0 0 0 0 0 0 0 0 0 0 0 0 0 0 0 0 0 0 0 0 0 0 0 0 0 0 0 0 0 0 2 2 0 0 0 0 0 0 0 0 0 0 2 2 0 0 0 0 0 0 2 2 0 0 0 0 0 0 0 0 0 0 0 0 0 0 2 2 0 0 0 0 0 0 0 0 0 0 0 0 0 0 0 0 0 0 0 0 0 0 0 0 0 0 0 0 0 0 0 0 0 0 0 0 0 0 0 0 2 2 0 0 0 0 0 0 0 0 0 0 0 0 0 0 0 0 0 0 0 0 0 0 0 0 0 0 0 0 2 2 0 0 0 0 0 0 0 0 0 0 0 0 0 0 0 0 0 0 0 0 0 0 0 0 0 0 0 0 0 0 0 0 0 0 0 0 0 0
O045 0 0 0 0 0 0 0 0 2 2 2 2 2 2 2 2 2 2 2 2 1 1 2 2 0 0 2 2 2 2 2 1 0 0 0 0 1 1 2 2 0 0 2 2 2 2 2 2 0 0 2 2 2 2 2 2 1 1 0 0 2 2 2 2 2 1 2 2 2 2 0 0 2 1 0 0 2 1 0 0 2 1 2 2 0 0 2 1 2 2 0 0 0 0 0 0 0 0 2 1 2 2 2 1 2 2 0 0 0 0 0 0 2 2 0 0 0 0 2 2 1 1 1 1 0 0 0 0 0 0 0 0 2 2 0 0 2 2 0 0 2 2 2 1 0 0 2 2 0 0 2 2 2 2 0 0 0 0 2 1 0 0 2 1 0 0 2 2 0 0 2 2 2 2 2 1 0 0 2 1 0 0 2 1 0 0 2 1 2 2 0 0 2 2 2 2 2 1 0 0 2 2 2 2 2 2 2 2 0 0 0 0 2 2 2 2 0 0 1 1 2 2 2 1 2 2 0 0 2 2 1 1 0 0 0 0 0 0 2 2 2 2 0 0 2 1 2 1 1 1 2 2 2 2 2 2 2 2 2 2 2 2 2 2 2 2 0 0 0 0 0 0 2 2 2 2 2 2 0 0 2 2 0 0 1 1 2 2 2 2 0 0 2 2 2 2 0 0 2 2 2 1 1 1 2 2 2 1 0 0 0 0 1 1 2 2 2 2 1 1 2 2 2 2 0 0 2 1 2 1 0 0 2 2 2 1 2 2 0 0 2 2 2 1 2 2 2 2 0 0 0 0 0 0 2 2 2 2 2 2 0 0 2 2 2 1 0 0 2 2 2 2 0 0 0 0 0 0 1 1 2 2 2 2 1 1 0 0 0 0 2 2 2 1 0 0 0 0 0 0 2 2 2 2 0 0 1 1 0 0 2 2 1 1 2 2 2 2 0 0 2 2 2 2 2 2 1 1 2 1 2 2 2 2 1 1 2 2 2 2 0 0 0 0 2 2 2 2 1 1 2 1 1 1 2 2 1 1 2 2 2 2
O046 2 1 2 1 2 2 2 2 2 2 2 2 0 0 2 1 2 2 0 0 1 1 2 1 2 1 2 2 1 1 2 2 2 1 0 0 1 1 0 0 2 1 2 1 0 0 0 0 1 1 0 0 2 1 2 2 2 1 2 2 2 2 2 1 2 2 2 2 2 1 1 1 2 1 2 2 2 2 2 1 0 0 1 1 0 0 2 2 2 2 2 1 2 2 2 2 2 1 2 1 2 2 2 1 0 0 2 1 2 1 2 2 2 1 2 1 0 0 2 2 2 1 2 1 0 0 2 1 2 1 2 2 2 1 2 2 2 2 1 1 2 2 1 1 2 1 2 1 2 1 2 2 2 2 2 2 2 2 0 0 0 0 0 0 1 1 2 1 1 1 2 1 2 2 2 2 1 1 2 2 2 2 1 1 2 2 0 0 2 1 1 1 2 2 2 2 0 0 0 0 2 2 2 2 2 2 2 1 2 2 2 2 2 1 2 2 2 2 2 2 2 2 2 2 2 1 2 2 2 1 2 2 1 1 2 1 2 2 2 2 2 2 2 1 2 2 2 2 1 1 2 2 2 2 0 0 0 0 2 2 2 2 2 1 1 1 2 2 2 2 2 2 2 1 2 2 0 0 2 1 2 1 2 2 2 2 1 1 2 2 2 2 2 2 2 2 2 2 2 2 0 0 2 2 0 0 0 0 1 1 2 1 2 1 2 1 2 2 2 2 0 0 2 2 0 0 2 1 2 2 2 2 2 2 2 1 2 1 2 2 2 2 1 1 2 2 2 2 2 1 2 2 0 0 2 2 2 2 2 2 2 2 2 1 2 2 2 2 2 1 2 2 2 2 1 1 2 2 0 0 1 1 2 1 2 2 2 2 2 2 2 2 2 2 2 2 1 1 1 1 2 2 2 2 0 0 2 2 2 1 2 2 2 1 1 1 1 1 1 1 2 1 2 1 2 2 2 1 1 1 1 1 2 2 2 2 2 1 0 0 1 1 2 1 2 2 2 2 2 1 2 2 2 1 2 1 2 1 2 2 2 2
O047 2 1 2 1 2 2 2 2 1 1 2 2 2 2 2 1 2 2 2 1 1 1 2 1 2 1 2 2 2 1 2 2 2 2 2 1 2 1 2 1 2 1 1 1 2 2 2 2 2 1 2 1 2 1 2 2 2 1 2 1 2 1 2 1 2 1 2 2 2 2 2 1 2 1 2 2 2 1 2 2 2 2 2 1 2 2 2 2 2 1 2 2 2 1 2 1 1 1 2 1 2 2 2 1 2 2 2 2 2 1 1 1 2 2 2 1 1 1 2 1 2 1 0 0 2 1 2 1 2 1 2 1 2 1 2 1 1 1 2 1 2 1 2 1 2 1 2 2 2 2 2 2 2 2 2 1 2 2 1 1 2 2 2 2 2 1 2 2 2 1 2 1 2 1 2 2 2 2 2 1 2 1 2 1 2 2 2 2 2 1 2 1 2 2 2 1 2 2 2 1 2 1 2 2 2 2 2 2 2 2 2 2 1 1 2 2 2 1 2 2 2 1 2 2 2 1 2 1 2 1 2 1 2 1 2 2 0 0 2 2 2 2 2 1 2 1 2 2 2 1 2 2 2 1 2 2 0 0 2 1 1 1 2 1 2 1 2 2 0 0 2 2 2 1 2 1 2 1 2 1 2 1 2 1 2 1 2 1 1 1 2 2 2 2 2 2 2 1 2 2 2 2 1 1 2 2 1 1 2 1 2 1 2 2 2 1 2 2 1 1 0 0 2 2 1 1 2 2 2 2 2 1 2 1 2 1 2 1 2 2 2 1 2 1 2 2 2 1 2 1 2 2 1 1 2 2 2 2 2 2 2 2 2 1 2 2 2 1 2 2 2 2 2 2 1 1 0 0 2 2 2 1 2 1 2 2 2 1 2 2 2 2 2 2 2 2 2 1 0 0 2 1 2 2 2 2 2 2 2 1 2 1 2 1 2 1 2 1 1 1 2 1 2 1 2 2 2 2 2 2 0 0 2 2 2 1 2 1 2 2 1 1 2 1 2 2 2 2 2 1 2 1 2 2 2 1 2 2 2 2 2 1
O401 1 1 0 0 2 2 2 2 2 2 2 2 2 2 2 2 2 2 2 2 0 0 2 1 2 2 0 0 2 2 2 2 2 2 2 2 0 0 2 2 0 0 0 0 2 2 2 2 1 1 0 0 1 1 0 0 2 2 1 1 1 1 1 1 2 2 0 0 0 0 1 1 1 1 0 0 0 0 0 0 2 2 0 0 2 2 2 2 0 0 0 0 2 2 2 2 2 2 2 2 0 0 2 2 1 1 0 0 1 1 2 1 0 0 2 2 2 2 2 2 2 1 2 2 2 1 2 2 2 1 2 1 2 2 2 2 2 2 2 2 2 2 2 2 2 2 2 2 0 0 2 2 2 2 2 2 1 1 2 2 2 1 0 0 0 0 1 1 2 2 0 0 2 2 2 1 0 0 2 2 2 2 2 2 2 2 0 0 2 2 1 1 2 2 2 2 0 0 2 2 0 0 2 2 2 2 2 2 2 2 1 1 1 1 0 0 1 1 0 0 2 1 0 0 2 2 2 2 0 0 0 0 2 2 0 0 1 1 2 2 2 2 0 0 2 2 0 0 1 1 1 1 2 2 2 2 2 2 2 2 2 2 2 2 0 0 1 1 1 1 0 0 2 2 0 0 2 1 2 2 2 1 2 2 0 0 1 1 0 0 2 2 0 0 1 1 1 1 2 2 2 2 1 1 0 0 0 0 0 0 2 2 0 0 2 2 0 0 2 2 2 1 2 2 2 1 0 0 2 2 2 2 1 1 2 2 0 0 2 2 2 2 2 2 2 2 2 2 2 2 2 2 0 0 2 1 2 2 2 2 1 1 0 0 0 0 2 2 0 0 2 2 2 2 0 0 2 2 0 0 0 0 2 2 2 2 2 2 0 0 0 0 0 0 2 2 2 2 0 0 2 2 2 2 1 1 0 0 2 2 2 2 2 1 2 2 2 2 2 2 2 1 0 0 2 2 0 0 2 2 2 2 2 2 2 2 2 2 2 2 2 2 1 1 0 0 1 1 2 2 2 2 0 0 2 1 2 2 0 0 2 2
O402 1 1 2 2 0 0 2 2 2 2 2 1 2 2 2 2 2 1 2 2 2 1 1 1 2 2 2 2 2 1 2 1 2 1 2 2 2 1 2 2 1 1 2 2 1 1 2 1 0 0 2 2 0 0 2 1 2 2 2 1 2 1 2 2 2 2 2 2 2 2 2 1 2 1 2 2 2 2 1 1 2 2 2 2 2 2 2 1 2 2 2 2 2 2 0 0 2 2 2 2 2 2 2 1 2 2 0 0 2 2 2 2 2 1 2 2 2 1 2 2 2 1 0 0 2 1 2 1 1 1 2 2 2 2 2 2 2 2 0 0 2 2 2 2 2 2 2 2 2 2 2 2 2 2 1 1 2 1 2 2 2 2 2 1 2 2 2 2 2 2 2 1 2 2 2 2 1 1 2 2 2 2 2 2 2 2 2 2 0 0 1 1 2 1 2 2 2 2 2 2 2 1 2 2 2 2 2 2 2 2 2 2 2 1 2 2 1 1 1 1 2 1 2 2 2 2 2 2 2 2 2 1 2 1 2 2 2 1 2 1 2 2 2 2 2 2 2 2 1 1 2 1 2 2 2 2 2 1 2 2 2 2 2 2 2 2 1 1 2 1 2 2 2 2 2 1 2 2 2 2 2 1 2 1 1 1 2 2 2 2 2 2 2 2 1 1 2 2 2 2 1 1 2 1 2 1 2 1 2 2 2 2 2 2 2 2 2 2 2 2 2 2 2 1 1 1 2 2 2 2 2 1 2 1 2 2 2 1 2 2 2 2 2 1 0 0 2 2 2 1 2 1 2 1 2 1 2 1 2 2 2 1 2 2 2 2 2 2 0 0 2 2 1 1 1 1 2 2 2 2 2 1 2 1 2 2 0 0 2 1 2 1 2 1 2 2 2 2 2 2 2 1 2 2 2 2 2 1 2 2 2 2 2 1 2 2 2 1 2 1 2 1 1 1 2 1 0 0 2 1 2 2 2 2 2 2 2 2 2 2 0 0 1 1 2 1 2 1 2 2 2 1 2 2 2 1 2 2 2 1 2 2
O403 1 1 2 2 2 2 2 2 1 1 2 1 2 1 2 2 2 2 2 2 2 1 2 1 2 2 2 2 2 1 2 2 2 2 2 2 2 2 2 2 2 1 2 2 2 2 2 2 2 1 2 1 2 2 1 1 0 0 2 1 2 1 2 2 2 1 2 1 2 2 2 1 1 1 2 2 2 2 2 1 2 1 2 2 2 2 2 1 2 1 2 1 2 1 2 2 2 1 2 2 0 0 2 1 1 1 2 1 2 1 2 2 2 1 2 1 2 1 2 2 2 1 2 1 2 1 2 2 1 1 2 1 2 2 2 2 2 2 2 2 2 2 2 2 2 1 2 2 2 2 1 1 0 0 2 1 2 2 2 2 2 2 2 2 2 1 2 1 2 1 2 2 2 2 2 2 2 1 2 2 2 2 2 2 2 2 2 1 0 0 2 1 0 0 1 1 2 1 2 2 2 1 2 2 2 2 2 1 2 2 2 2 2 2 2 2 2 1 2 1 2 1 2 2 2 1 2 2 1 1 2 2 2 1 2 2 1 1 2 1 2 2 2 1 2 2 2 1 1 1 2 1 2 1 2 2 2 1 2 1 2 2 2 2 2 1 2 1 2 2 2 1 2 1 2 1 2 1 2 2 2 1 2 1 2 1 0 0 1 1 1 1 2 1 1 1 2 1 2 2 1 1 0 0 2 1 2 1 2 2 2 1 2 2 2 2 2 2 2 2 2 2 2 2 2 1 2 2 0 0 2 1 2 2 2 2 2 2 2 2 2 2 2 2 2 2 2 1 2 2 2 2 2 1 2 2 2 1 2 1 2 2 2 2 2 2 2 1 0 0 2 2 2 1 2 1 2 2 2 2 1 1 2 1 2 2 2 2 2 2 2 1 2 1 2 2 2 2 2 2 2 2 2 2 2 1 2 2 2 2 2 2 1 1 2 2 1 1 1 1 2 1 2 1 2 2 1 1 2 2 2 2 2 2 2 1 2 2 2 2 2 1 2 1 2 2 2 1 2 2 2 1 2 2 2 2 2 2 2 1 2 1
O404 1 1 2 2 2 2 2 2 2 2 2 2 2 2 2 1 2 1 2 2 1 1 2 2 2 1 2 1 1 1 2 2 2 2 2 2 2 1 2 1 2 1 2 2 1 1 2 2 2 2 2 2 2 1 2 1 2 1 2 1 2 1 2 2 0 0 2 2 2 2 0 0 2 2 2 2 2 2 2 1 2 1 0 0 2 2 0 0 2 1 2 2 2 2 2 2 2 2 2 1 2 2 2 2 2 1 2 1 2 2 2 2 2 2 2 2 2 1 2 2 1 1 2 1 2 2 2 2 2 1 2 1 2 2 2 1 2 1 2 2 0 0 2 1 2 2 2 2 2 2 2 2 2 2 2 1 2 2 2 2 0 0 2 1 2 1 1 1 1 1 2 2 2 1 2 2 1 1 2 2 2 1 2 2 2 2 2 2 2 1 1 1 2 1 2 1 2 1 2 2 2 2 2 2 2 2 1 1 2 1 2 1 1 1 2 1 2 1 1 1 2 1 2 2 2 2 2 2 1 1 2 2 2 1 2 1 2 1 2 1 2 2 2 1 2 2 2 1 1 1 2 1 2 2 2 2 0 0 2 2 0 0 2 2 2 1 2 2 2 1 2 2 2 2 2 1 2 1 2 2 2 1 2 2 2 2 1 1 2 2 2 1 2 1 2 1 2 1 2 2 0 0 2 1 2 1 2 1 2 1 2 2 2 2 2 2 2 1 2 1 2 1 2 2 0 0 2 2 1 1 2 2 2 2 2 2 2 2 2 2 2 2 2 2 2 1 2 1 2 2 1 1 2 2 2 2 2 2 2 2 2 1 2 1 2 2 2 1 2 2 2 2 2 2 1 1 2 1 2 2 2 1 2 1 2 2 2 2 1 1 2 1 2 1 2 1 2 2 2 2 2 2 2 2 1 1 2 2 2 2 2 1 1 1 2 1 2 1 2 1 1 1 2 1 2 2 1 1 2 1 2 2 2 2 2 1 2 2 2 2 0 0 1 1 2 2 2 2 2 2 2 1 2 1 2 1 2 2 2 2 2 1
O411 2 1 2 1 2 2 2 2 0 0 2 1 2 1 2 1 0 0 2 1 2 2 1 1 2 2 2 2 2 2 2 2 2 2 2 2 2 1 2 1 1 1 1 1 2 1 2 2 2 2 0 0 2 1 2 2 2 2 2 1 2 1 2 1 2 1 2 2 2 2 2 1 2 2 2 2 2 2 2 1 2 2 2 2 2 2 2 2 0 0 2 2 2 1 2 1 2 1 1 1 2 2 2 2 1 1 2 1 1 1 2 2 2 2 2 2 1 1 2 2 2 1 2 1 2 1 2 2 1 1 2 2 2 1 2 2 2 2 2 2 2 2 2 2 2 1 2 2 2 2 2 2 1 1 2 1 2 2 2 1 2 2 2 2 2 1 2 2 0 0 2 2 2 2 1 1 1 1 2 2 2 2 2 2 2 2 1 1 2 2 2 1 2 2 2 1 2 1 2 2 2 2 2 2 2 2 2 2 2 2 2 2 2 2 2 2 1 1 2 1 2 1 2 1 2 2 2 2 2 1 2 2 2 2 1 1 2 1 2 2 2 2 2 2 2 1 2 2 1 1 2 2 2 1 2 2 2 1 2 2 2 1 2 2 2 2 2 2 2 2 2 1 2 2 2 1 2 2 2 1 2 1 2 1 2 1 2 1 2 2 2 2 2 2 1 1 2 1 2 2 1 1 2 1 2 2 2 1 2 2 2 2 2 2 2 2 2 1 2 2 2 1 2 2 2 1 2 2 2 2 2 2 0 0 2 2 2 2 2 2 2 2 2 2 2 1 2 2 2 2 2 1 2 1 2 2 2 2 2 2 2 1 0 0 2 2 2 2 2 2 2 2 2 2 2 1 1 1 2 2 1 1 2 2 2 2 2 1 0 0 2 2 1 1 2 2 2 2 2 2 2 2 2 2 1 1 2 1 2 2 2 2 1 1 2 1 2 2 2 1 2 1 2 1 2 2 1 1 1 1 2 2 2 2 2 1 2 2 2 1 1 1 1 1 2 2 2 1 2 2 2 2 2 2 2 1 1 1 2 2 2 2
O412 2 2 0 0 0 0 2 2 1 1 0 0 0 0 0 0 0 0 0 0 0 0 2 2 0 0 0 0 2 2 0 0 0 0 0 0 0 0 0 0 0 0 0 0 0 0 0 0 0 0 0 0 0 0 2 2 0 0 0 0 0 0 0 0 0 0 0 0 2 2 0 0 0 0 0 0 0 0 0 0 0 0 0 0 0 0 0 0 0 0 2 2 0 0 0 0 0 0 0 0 0 0 0 0 0 0 0 0 2 2 2 2 0 0 0 0 2 2 0 0 0 0 2 2 0 0 2 2 0 0 0 0 0 0 0 0 0 0 0 0 2 2 0 0 2 2 0 0 0 0 0 0 0 0 0 0 0 0 0 0 0 0 0 0 1 1 0 0 0 0 2 2 0 0 0 0 0 0 0 0 0 0 0 0 0 0 0 0 0 0 0 0 0 0 0 0 0 0 0 0 0 0 0 0 0 0 0 0 0 0 2 2 0 0 0 0 0 0 1 1 0 0 0 0 2 2 2 2 0 0 0 0 0 0 0 0 2 2 0 0 0 0 0 0 0 0 0 0 0 0 2 2 0 0 0 0 0 0 2 2 0 0 2 2 0 0 0 0 0 0 0 0 0 0 0 0 2 2 0 0 0 0 0 0 0 0 2 2 2 2 0 0 0 0 0 0 0 0 0 0 0 0 0 0 0 0 0 0 0 0 0 0 0 0 2 2 0 0 0 0 0 0 0 0 0 0 0 0 0 0 0 0 0 0 0 0 0 0 0 0 0 0 0 0 0 0 0 0 2 2 0 0 0 0 0 0 0 0 0 0 0 0 0 0 2 2 0 0 2 2 0 0 2 2 0 0 0 0 0 0 1 1 0 0 0 0 0 0 0 0 0 0 2 2 0 0 2 2 2 2 0 0 0 0 0 0 0 0 0 0 0 0 0 0 2 2 2 2 0 0 0 0 0 0 0 0 0 0 0 0 0 0 0 0 0 0 0 0 0 0 0 0 2 2 2 2 0 0 0 0 0 0 0 0 0 0 0 0 0 0 0 0
O413 2 1 2 2 2 1 2 2 2 2 2 1 2 1 2 2 2 2 2 2 2 1 2 2 2 1 2 1 2 1 2 2 2 1 2 1 2 1 2 1 1 1 2 2 1 1 2 2 2 1 2 2 2 1 2 1 2 2 1 1 2 2 1 1 2 1 1 1 2 2 1 1 1 1 2 2 2 1 2 2 2 2 2 2 2 2 2 2 1 1 2 2 2 2 1 1 2 1 2 1 2 2 2 1 2 1 1 1 2 2 2 1 2 1 2 1 2 1 2 2 2 1 2 2 2 1 2 2 2 1 2 2 2 1 2 2 2 1 2 2 2 2 2 2 2 2 2 2 2 1 2 1 2 1 2 1 2 1 2 2 1 1 2 1 2 1 2 1 2 1 0 0 2 2 2 1 1 1 2 2 2 2 2 2 2 2 2 1 2 2 2 2 2 2 2 2 2 1 2 2 2 2 2 2 0 0 2 1 2 2 2 1 2 1 2 2 1 1 2 1 2 1 2 2 2 1 2 2 1 1 2 1 2 1 2 1 1 1 2 1 2 2 2 1 1 1 2 2 2 1 2 1 2 2 2 2 2 2 2 1 2 1 2 2 2 2 2 1 2 1 2 1 2 2 2 1 2 2 2 2 2 1 2 1 2 1 2 1 2 2 2 2 2 1 2 1 2 1 2 2 1 1 1 1 2 1 2 1 2 1 2 2 2 2 2 2 2 2 2 2 2 1 2 1 1 1 2 2 2 1 2 2 2 2 2 2 2 1 2 2 2 2 2 1 1 1 2 2 2 1 0 0 2 1 2 1 2 1 2 1 2 1 2 1 2 2 2 2 2 2 2 1 2 1 2 1 2 1 2 2 2 1 2 1 2 2 2 1 2 2 2 2 2 2 2 1 2 2 2 2 2 1 2 2 2 1 2 2 2 2 2 1 1 1 2 1 2 2 2 1 2 1 2 1 2 2 1 1 2 2 2 1 2 2 2 1 2 1 2 2 2 1 1 1 2 1 2 1 2 2 2 1 2 2 0 0 2 2 2 1 2 2
O414 0 0 0 0 0 0 2 2 2 2 2 2 2 2 2 2 2 2 2 2 2 2 2 2 2 2 0 0 1 1 2 2 2 2 0 0 1 1 0 0 0 0 0 0 0 0 0 0 2 1 0 0 0 0 2 2 2 1 1 1 0 0 0 0 2 2 0 0 2 2 0 0 2 1 2 2 0 0 0 0 2 2 2 2 0 0 2 1 2 2 2 2 0 0 0 0 0 0 2 1 0 0 2 2 2 2 2 1 2 2 2 2 2 2 2 2 2 1 2 2 2 1 2 2 2 1 2 2 0 0 2 2 0 0 1 1 2 2 2 2 0 0 0 0 2 2 2 2 0 0 2 2 2 2 0 0 0 0 2 2 2 2 0 0 1 1 0 0 0 0 0 0 0 0 2 2 1 1 2 2 2 2 2 2 2 2 2 1 2 2 2 2 0 0 2 2 2 2 0 0 0 0 2 2 2 2 2 2 0 0 2 2 0 0 2 2 2 2 0 0 2 2 2 2 0 0 0 0 0 0 0 0 0 0 2 2 0 0 0 0 2 2 0 0 0 0 2 2 0 0 2 2 0 0 0 0 2 2 0 0 2 1 2 2 2 2 0 0 0 0 2 1 0 0 2 1 0 0 2 1 2 2 2 2 0 0 0 0 2 2 2 2 2 2 2 1 2 2 2 2 2 1 1 1 0 0 1 1 0 0 2 2 2 2 2 2 1 1 2 1 1 1 0 0 2 2 2 2 2 2 1 1 0 0 2 2 2 2 0 0 2 2 2 2 0 0 0 0 0 0 0 0 0 0 2 2 2 2 0 0 0 0 2 2 2 2 0 0 0 0 0 0 0 0 1 1 2 2 0 0 1 1 0 0 0 0 2 1 1 1 2 2 2 1 0 0 2 2 2 2 0 0 2 2 0 0 1 1 2 2 2 2 0 0 2 2 2 2 2 1 2 2 2 1 0 0 0 0 2 1 0 0 0 0 2 2 2 2 0 0 0 0 2 2 2 2 0 0 0 0 0 0 0 0 2 2 2 2 0 0 0 0
O421 2 1 2 1 2 2 2 2 1 1 2 2 2 1 2 2 2 2 2 2 2 1 2 1 2 2 2 1 2 1 2 2 2 2 2 2 2 2 2 1 1 1 0 0 2 2 2 2 2 1 2 2 2 1 1 1 2 2 2 1 2 1 1 1 2 1 2 1 2 2 2 1 2 1 2 2 2 1 2 1 2 2 2 2 2 2 2 2 2 1 2 2 2 2 2 1 2 2 2 1 1 1 2 2 0 0 1 1 2 1 2 1 2 1 2 1 2 2 2 1 0 0 2 2 2 1 2 2 2 1 2 2 2 2 2 1 2 1 2 2 0 0 2 2 2 2 2 2 2 2 2 1 2 2 2 1 2 2 2 2 2 1 0 0 2 1 2 1 2 1 2 1 2 2 2 1 2 1 2 1 2 1 2 2 2 2 2 1 2 1 1 1 2 1 2 1 2 1 2 2 2 1 2 2 2 1 2 1 2 2 1 1 2 1 2 2 2 1 2 1 2 1 2 1 2 2 2 1 1 1 2 1 2 2 2 1 2 1 2 2 2 2 2 2 2 2 2 2 2 1 2 1 2 2 2 2 2 2 2 2 2 1 2 1 2 2 2 1 2 2 2 2 2 1 1 1 2 2 2 2 2 1 2 1 1 1 2 2 2 2 2 2 2 2 1 1 2 1 2 2 2 1 2 1 1 1 2 1 2 1 2 1 2 2 2 2 2 2 2 2 2 2 2 1 2 1 2 2 2 2 2 2 2 2 2 2 2 1 2 2 2 2 1 1 2 1 2 1 2 1 1 1 2 1 1 1 2 2 2 2 2 1 1 1 2 2 2 2 2 2 2 2 2 2 2 1 2 2 2 2 2 1 2 2 2 2 2 1 1 1 2 2 2 2 2 2 2 2 2 2 2 2 2 2 2 2 2 2 2 2 2 1 2 1 2 2 2 2 0 0 2 1 2 1 2 2 2 1 1 1 2 2 2 1 2 2 2 2 2 2 2 1 2 1 0 0 2 1 2 2 2 2 2 2 2 1 2 2 2 2 2 1
O431 1 1 2 2 2 2 2 2 2 1 0 0 2 1 2 1 2 2 0 0 2 2 1 1 2 1 2 1 2 2 0 0 2 1 2 2 2 2 2 1 2 1 2 2 1 1 0 0 0 0 2 1 2 2 1 1 2 2 2 1 2 1 2 2 0 0 2 2 2 2 2 1 2 1 2 2 0 0 2 2 2 2 2 2 2 2 2 2 2 1 2 2 2 2 2 2 2 2 2 2 1 1 0 0 1 1 1 1 2 2 2 2 2 2 2 2 2 2 2 1 2 2 2 1 2 2 2 2 1 1 2 2 2 1 2 2 1 1 2 2 2 2 0 0 2 2 2 2 2 2 1 1 2 2 2 1 2 2 2 2 2 2 0 0 1 1 2 2 2 2 2 1 2 2 2 2 1 1 2 2 2 2 2 2 2 1 2 1 0 0 2 1 2 2 2 1 2 1 2 2 2 1 2 2 2 2 2 1 2 2 2 2 2 2 2 2 1 1 2 1 2 1 2 1 2 1 2 2 1 1 2 1 2 1 2 2 2 1 2 2 2 2 2 2 2 1 2 1 1 1 2 2 2 2 2 2 2 2 2 2 1 1 2 2 2 2 2 1 2 1 2 1 2 2 2 1 2 2 2 2 2 1 0 0 2 1 2 2 2 2 2 1 2 2 2 2 2 2 2 2 1 1 2 2 1 1 2 2 2 2 0 0 2 2 2 2 1 1 2 2 1 1 2 2 2 2 2 2 2 2 0 0 2 1 2 2 2 1 2 1 2 2 2 2 2 1 2 2 2 2 1 1 2 1 2 2 0 0 2 2 2 1 2 1 2 2 2 1 2 2 2 1 2 2 1 1 2 1 2 2 2 1 2 2 2 2 2 2 1 1 2 2 1 1 2 2 2 2 2 2 2 2 2 2 1 1 2 2 2 2 2 2 1 1 2 2 0 0 2 1 1 1 2 1 2 2 1 1 2 1 2 1 2 1 0 0 2 1 2 2 2 1 2 1 2 2 2 2 2 2 2 2 2 2 1 1 2 2 2 2 2 1
O432 1 1 0 0 2 2 0 0 0 0 0 0 0 0 0 0 0 0 2 2 2 2 0 0 0 0 0 0 0 0 0 0 0 0 2 2 0 0 0 0 0 0 0 0 0 0 2 2 0 0 0 0 0 0 0 0 0 0 0 0 0 0 2 2 0 0 0 0 2 2 0 0 0 0 0 0 0 0 0 0 2 2 0 0 0 0 0 0 0 0 2 2 0 0 0 0 0 0 0 0 0 0 2 2 0 0 0 0 0 0 0 0 0 0 0 0 2 2 2 2 0 0 0 0 0 0 0 0 0 0 0 0 2 2 0 0 0 0 0 0 0 0 0 0 0 0 0 0 0 0 0 0 0 0 0 0 0 0 2 2 0 0 0 0 0 0 0 0 0 0 0 0 0 0 2 2 1 1 2 2 0 0 0 0 0 0 0 0 0 0 0 0 0 0 0 0 0 0 0 0 0 0 0 0 2 2 0 0 2 2 2 2 0 0 0 0 0 0 0 0 2 1 2 2 0 0 0 0 0 0 2 2 0 0 0 0 0 0 0 0 0 0 0 0 0 0 0 0 0 0 0 0 0 0 0 0 0 0 0 0 0 0 0 0 0 0 0 0 0 0 0 0 2 2 0 0 0 0 0 0 0 0 0 0 0 0 0 0 0 0 0 0 0 0 0 0 0 0 2 2 0 0 0 0 0 0 0 0 0 0 0 0 0 0 2 2 0 0 0 0 0 0 0 0 0 0 0 0 0 0 2 2 0 0 0 0 0 0 0 0 0 0 2 2 2 2 0 0 0 0 0 0 0 0 0 0 0 0 0 0 0 0 0 0 2 2 0 0 0 0 0 0 0 0 0 0 0 0 0 0 2 2 0 0 2 2 0 0 0 0 0 0 0 0 2 2 2 2 0 0 0 0 0 0 0 0 0 0 0 0 0 0 0 0 2 2 0 0 0 0 0 0 0 0 0 0 0 0 0 0 0 0 0 0 0 0 0 0 0 0 0 0 0 0 0 0 0 0 0 0 0 0 0 0 0 0 0 0 0 0 0 0
O434 2 1 2 1 2 1 2 2 2 1 2 1 2 1 1 1 2 1 2 2 2 1 2 1 2 1 2 1 2 1 2 2 2 1 2 2 2 1 2 1 2 1 2 2 2 1 2 1 2 1 2 2 2 1 2 1 2 2 2 1 2 1 2 2 2 2 2 2 2 2 0 0 1 1 2 1 2 2 2 1 2 2 1 1 2 2 2 2 2 1 2 2 2 1 2 2 2 1 2 2 2 1 2 2 2 1 2 1 2 2 2 1 2 2 2 2 2 1 2 1 2 1 1 1 2 2 2 2 2 1 2 2 2 1 2 2 2 1 2 2 2 2 2 1 2 2 2 2 2 2 2 1 2 1 2 1 2 2 2 1 2 2 2 1 2 1 2 1 2 1 2 1 2 2 2 2 2 1 2 1 2 2 2 2 2 2 2 1 2 2 2 2 2 1 2 1 2 1 2 2 2 1 2 2 2 2 2 2 2 2 2 1 2 1 2 2 1 1 2 1 1 1 2 1 2 1 2 1 2 1 2 1 2 1 2 1 2 2 2 1 2 2 2 1 2 2 1 1 2 1 2 1 2 1 2 2 2 2 2 2 1 1 2 2 2 2 2 1 2 2 2 1 2 2 1 1 2 2 2 2 2 1 2 1 2 1 2 1 2 2 2 2 2 2 2 1 2 1 2 2 1 1 2 1 2 1 1 1 2 1 2 1 2 2 2 2 2 2 2 2 2 1 2 1 2 2 2 2 1 1 2 2 2 2 2 2 1 1 2 1 2 1 2 1 2 1 2 1 2 2 0 0 2 1 2 1 2 1 2 1 2 1 2 2 2 1 2 2 2 2 2 1 2 1 1 1 2 2 2 2 2 1 2 1 2 2 2 1 2 1 2 2 1 1 2 1 2 1 2 2 2 2 2 2 2 1 2 2 2 2 2 2 2 1 2 1 2 1 1 1 1 1 0 0 2 1 2 1 2 2 2 2 2 2 2 1 2 2 2 2 2 2 2 1 0 0 2 2 2 1 2 2 2 1 2 2 2 2 2 2 2 1
O441 0 0 0 0 0 0 0 0 0 0 2 2 0 0 0 0 2 2 0 0 0 0 0 0 0 0 0 0 0 0 0 0 0 0 2 2 0 0 0 0 0 0 0 0 2 2 0 0 0 0 0 0 0 0 2 2 2 2 0 0 0 0 0 0 0 0 0 0 0 0 0 0 0 0 0 0 1 1 2 2 0 0 0 0 2 2 0 0 0 0 0 0 0 0 0 0 0 0 0 0 0 0 0 0 0 0 0 0 0 0 0 0 0 0 0 0 2 2 0 0 0 0 0 0 0 0 0 0 0 0 0 0 2 2 0 0 0 0 0 0 0 0 0 0 0 0 2 2 0 0 0 0 0 0 0 0 0 0 0 0 0 0 2 2 0 0 0 0 0 0 2 2 2 2 0 0 2 2 0 0 0 0 0 0 0 0 2 2 0 0 2 2 0 0 2 2 0 0 0 0 2 2 0 0 0 0 0 0 0 0 0 0 0 0 0 0 0 0 0 0 0 0 0 0 0 0 0 0 0 0 0 0 0 0 0 0 0 0 0 0 0 0 0 0 0 0 2 2 0 0 0 0 0 0 0 0 0 0 0 0 0 0 0 0 0 0 2 2 2 2 0 0 0 0 0 0 0 0 0 0 0 0 0 0 2 2 2 2 0 0 0 0 0 0 0 0 0 0 2 2 0 0 0 0 0 0 0 0 2 2 0 0 0 0 2 2 0 0 0 0 0 0 2 2 2 2 0 0 0 0 2 2 0 0 2 2 0 0 0 0 0 0 0 0 0 0 0 0 0 0 0 0 2 2 0 0 0 0 2 2 0 0 2 2 0 0 0 0 2 2 0 0 0 0 0 0 0 0 0 0 0 0 0 0 0 0 0 0 0 0 2 2 2 2 0 0 0 0 0 0 2 2 0 0 0 0 0 0 0 0 0 0 0 0 0 0 0 0 0 0 0 0 0 0 0 0 2 2 2 2 0 0 2 2 0 0 0 0 0 0 2 2 0 0 0 0 0 0 0 0 0 0 0 0 0 0 2 2 0 0 0 0
O442 2 2 2 2 2 1 2 2 2 2 2 1 0 0 2 2 2 2 0 0 2 2 2 2 2 2 0 0 0 0 2 1 0 0 2 2 0 0 1 1 2 1 1 1 0 0 2 2 2 2 2 2 2 2 2 2 0 0 2 2 2 2 2 2 2 2 2 1 0 0 2 2 2 2 0 0 2 2 2 2 0 0 2 1 2 2 2 2 0 0 0 0 0 0 0 0 2 2 0 0 2 1 2 2 2 2 0 0 1 1 2 2 2 2 2 2 0 0 2 1 2 2 2 2 2 2 2 2 2 1 2 1 2 1 2 1 2 2 2 2 2 2 2 2 0 0 2 2 0 0 0 0 0 0 2 2 0 0 2 1 2 2 0 0 0 0 0 0 2 2 0 0 0 0 2 2 0 0 2 2 2 1 2 2 0 0 1 1 0 0 2 2 2 2 2 2 2 2 2 2 2 2 2 1 2 1 2 2 2 2 0 0 2 2 2 1 2 1 2 2 1 1 2 2 2 2 2 2 1 1 2 2 2 2 2 1 1 1 2 1 2 2 1 1 2 2 2 2 2 2 2 2 0 0 0 0 2 2 2 2 2 1 2 2 2 1 2 2 2 2 2 1 2 1 2 1 2 2 2 1 2 2 2 2 2 2 2 2 2 1 2 2 1 1 2 2 2 2 2 2 1 1 1 1 1 1 2 1 2 2 0 0 2 2 2 2 0 0 2 2 2 1 2 2 2 1 2 2 2 2 0 0 2 1 2 2 2 2 2 2 0 0 2 2 2 1 1 1 2 2 1 1 2 2 2 2 2 2 2 1 2 1 2 2 1 1 2 2 2 2 2 2 2 2 1 1 2 2 2 2 2 1 2 2 2 2 2 1 2 2 0 0 1 1 2 2 2 2 2 2 2 1 2 1 1 1 2 2 2 1 2 2 1 1 0 0 1 1 2 1 2 2 2 1 2 2 2 2 2 2 2 2 2 2 2 2 2 2 2 2 2 1 0 0 2 2 2 2 0 0 2 2 0 0 1 1 1 1 1 1 2 2
O443 1 1 2 2 2 2 2 1 0 0 2 2 1 1 2 2 2 1 2 1 2 1 2 2 2 1 2 1 2 2 0 0 2 2 2 2 2 1 2 1 2 1 1 1 2 1 2 1 2 2 2 2 2 1 2 2 2 1 2 1 2 2 2 2 2 1 2 1 2 2 2 2 2 1 2 1 2 2 2 1 2 2 2 1 2 1 0 0 2 2 1 1 2 2 0 0 2 1 2 1 2 2 2 1 2 2 2 1 0 0 2 1 2 1 2 1 0 0 2 2 2 1 2 1 2 1 2 2 2 2 2 1 1 1 2 1 2 1 1 1 2 2 1 1 0 0 2 1 2 1 2 1 2 1 2 2 2 2 2 2 2 2 2 1 1 1 2 2 2 1 2 1 2 1 2 1 2 1 2 1 2 1 2 2 2 1 2 1 2 2 2 2 1 1 2 1 2 1 2 2 2 1 2 1 2 1 2 1 2 1 2 1 2 1 2 1 2 1 2 2 2 1 2 1 2 1 2 2 2 1 2 2 2 1 2 2 2 1 2 2 2 2 2 1 2 2 2 2 2 2 2 1 0 0 2 2 2 2 2 2 2 1 2 1 2 2 2 1 2 1 2 1 0 0 2 1 2 1 2 2 2 2 2 2 2 1 2 2 2 1 2 2 2 2 2 2 2 2 2 2 2 1 1 1 2 1 1 1 2 2 2 2 2 1 2 1 2 1 2 1 2 2 2 2 2 1 2 2 2 2 2 2 2 2 2 2 2 1 2 1 2 1 2 1 2 1 2 1 2 2 0 0 2 1 2 1 2 2 2 1 2 1 2 2 0 0 2 1 2 2 2 2 2 1 1 1 2 2 2 1 2 1 2 2 2 2 2 1 2 2 2 1 2 2 2 2 2 2 2 2 2 2 2 1 2 2 2 2 2 2 1 1 2 1 2 1 2 1 2 1 2 1 1 1 2 2 2 2 2 1 2 2 2 2 2 2 1 1 2 1 2 1 2 1 2 1 2 1 2 2 2 1 2 1 2 2 2 1 2 2 2 2
O444 2 1 2 2 2 1 2 2 2 1 2 2 2 2 2 1 2 1 2 1 1 1 2 2 2 2 2 1 2 1 2 2 2 2 2 2 2 1 2 2 1 1 2 1 2 1 2 2 2 1 2 1 2 1 2 2 2 1 2 1 2 2 2 2 2 2 2 1 2 1 2 2 1 1 2 1 2 1 2 2 2 1 2 2 2 2 2 2 2 1 2 1 2 1 2 2 2 1 2 1 2 1 2 2 2 2 2 1 2 2 2 1 2 2 2 2 2 1 2 2 2 1 2 1 2 1 2 2 2 1 2 2 2 1 2 1 2 1 2 2 2 1 2 1 2 2 2 2 2 1 2 1 2 1 2 1 2 2 1 1 2 1 2 1 2 1 2 1 2 2 2 1 2 1 2 2 2 1 2 2 2 2 2 2 2 1 2 1 2 2 2 2 2 1 2 2 1 1 2 2 2 1 2 1 2 1 2 2 2 2 2 1 2 1 2 1 2 1 2 1 1 1 0 0 2 1 2 1 2 1 2 1 2 2 2 1 2 1 2 1 2 2 2 1 2 1 2 2 2 2 2 1 2 1 2 1 2 2 2 2 2 1 2 2 2 1 2 1 2 2 2 1 2 1 2 2 2 1 2 1 2 2 2 1 2 2 2 1 1 1 2 1 2 1 2 1 2 1 2 2 1 1 2 1 1 1 1 1 2 1 2 2 2 1 2 2 2 1 2 2 2 1 2 2 2 2 2 1 2 2 2 1 2 2 2 2 2 2 2 1 2 1 2 1 2 1 2 1 2 1 2 1 2 1 2 2 2 1 2 2 2 1 2 1 2 2 2 1 2 1 2 1 2 1 2 1 2 1 2 1 2 1 2 2 2 2 2 1 2 1 2 2 1 1 2 1 2 2 2 2 2 1 2 1 2 1 2 1 2 1 2 2 2 1 1 1 2 1 2 1 2 1 1 1 2 1 2 1 1 1 2 2 2 1 2 2 2 1 2 2 2 1 2 1 2 1 2 2 2 2 2 2 2 1 2 2 2 1 2 1 2 2
O445 1 1 2 2 2 1 2 1 2 1 2 2 2 2 2 2 2 2 2 2 1 1 2 1 2 2 2 1 1 1 2 2 2 1 2 2 2 1 2 1 2 1 2 1 2 1 2 2 2 2 2 2 2 1 2 2 2 1 2 2 2 2 2 2 2 2 2 2 2 1 2 2 1 1 2 1 2 2 2 1 2 2 2 2 2 2 2 2 2 2 2 2 2 1 2 1 2 1 2 1 2 2 2 2 2 2 2 1 2 2 2 1 2 2 2 2 2 2 2 1 2 1 2 1 2 1 0 0 2 1 2 2 2 1 2 1 2 1 2 2 1 1 2 1 0 0 2 2 2 1 2 1 2 1 2 1 2 2 2 1 2 2 2 2 2 1 2 2 2 1 2 1 2 2 2 2 2 2 2 2 2 2 2 2 2 2 2 1 2 2 2 2 2 2 2 2 2 1 2 1 2 1 2 2 2 2 2 2 2 2 2 2 2 1 2 1 1 1 2 1 2 1 2 1 2 2 2 2 2 1 1 1 2 2 2 1 2 1 1 1 2 2 2 1 2 1 2 1 2 1 2 2 2 2 2 1 2 1 2 2 2 1 2 2 0 0 2 1 2 2 2 1 2 1 2 2 2 2 2 1 2 2 2 2 2 2 2 1 2 2 2 1 2 1 2 1 2 2 2 2 2 1 2 2 1 1 2 1 2 1 2 1 2 1 2 1 1 1 2 1 2 1 2 2 2 1 2 1 2 2 2 1 2 2 2 2 2 2 2 2 2 2 2 2 2 1 2 1 2 1 2 1 2 2 2 2 2 1 2 2 2 1 2 1 2 2 2 2 2 1 2 1 2 2 2 1 2 1 2 1 1 1 2 2 2 2 2 1 2 1 0 0 1 1 2 1 2 2 2 2 2 1 2 1 2 2 2 2 2 2 2 2 2 2 1 1 2 2 2 1 1 1 2 1 2 2 2 2 2 2 2 2 2 1 2 2 2 1 2 2 1 1 2 1 1 1 2 2 2 2 2 1 2 2 2 1 0 0 2 1 2 2
O451 2 1 2 2 2 1 2 1 0 0 2 2 2 2 2 1 2 1 2 1 2 1 2 1 2 2 2 1 2 1 2 2 2 1 2 2 2 1 2 2 1 1 2 1 2 2 1 1 2 2 2 1 2 1 2 1 2 1 2 2 2 2 2 1 2 2 2 2 2 2 2 2 2 1 2 1 1 1 2 1 2 1 2 2 2 2 2 1 2 2 2 2 2 2 2 2 2 1 2 2 2 1 2 2 2 2 2 2 2 1 2 2 2 2 2 1 2 2 2 2 2 1 2 1 2 1 2 2 2 1 2 2 2 2 2 2 2 2 2 2 2 1 1 1 2 2 2 2 2 1 2 1 2 2 2 1 1 1 2 1 2 1 2 1 2 1 2 2 2 2 2 1 2 1 2 2 0 0 2 2 2 2 2 2 0 0 2 1 2 2 2 2 2 1 2 2 1 1 2 1 2 1 2 1 2 1 2 2 2 2 2 2 1 1 2 1 2 1 2 1 2 1 2 1 2 1 2 2 2 2 2 2 2 2 2 1 2 2 2 1 2 2 2 1 2 2 2 2 2 1 2 2 2 2 2 1 1 1 2 1 2 2 2 2 2 1 2 1 2 2 2 2 1 1 2 1 2 1 2 1 2 2 2 2 2 2 2 2 1 1 2 2 2 1 2 1 2 2 2 2 2 1 2 2 2 1 2 1 2 1 2 1 2 1 1 1 2 2 1 1 2 2 2 1 2 2 2 1 2 1 2 2 2 2 2 2 2 2 2 1 2 1 2 1 2 2 2 1 2 1 2 1 2 2 2 2 2 1 2 2 2 2 2 1 2 2 2 2 2 1 2 2 2 1 2 1 2 2 2 1 1 1 1 1 2 2 2 1 2 1 2 2 2 1 2 2 2 2 2 2 2 2 2 1 2 1 2 1 2 1 2 1 1 1 2 1 2 2 2 1 1 1 2 1 2 2 2 1 2 2 2 2 2 1 2 1 2 1 2 2 2 1 2 1 2 1 1 1 2 1 2 1 2 1 2 1 2 1 2 2 2 2
O452 2 1 2 2 2 2 2 2 2 1 2 2 2 2 2 1 2 2 2 2 1 1 2 2 2 2 2 1 2 2 2 2 2 2 2 1 2 1 2 2 2 1 2 1 2 1 1 1 1 1 0 0 2 2 2 2 1 1 2 2 2 2 2 2 2 2 2 2 2 2 2 2 2 2 2 1 2 1 2 2 2 2 0 0 2 1 2 1 2 2 2 2 2 2 1 1 2 2 2 1 2 2 2 2 2 2 2 2 1 1 2 2 2 2 2 2 2 2 2 1 2 1 2 2 2 2 2 2 1 1 2 1 2 1 2 2 2 1 1 1 2 2 2 1 2 2 2 1 2 2 2 2 2 2 2 2 2 2 2 1 2 1 2 1 2 1 2 2 2 2 0 0 2 1 2 2 1 1 2 1 2 2 2 2 2 2 0 0 2 2 2 2 2 2 2 2 2 1 2 2 2 1 2 1 2 1 2 1 2 1 2 2 2 1 2 2 2 1 2 1 1 1 2 2 1 1 2 2 1 1 2 2 2 2 2 2 2 1 2 2 0 0 1 1 2 1 2 2 2 1 2 1 2 1 0 0 1 1 2 2 0 0 2 1 2 1 2 1 2 1 1 1 2 1 2 2 2 2 2 1 2 2 2 2 2 2 2 2 0 0 0 0 2 2 2 1 2 2 2 2 1 1 0 0 2 2 1 1 2 1 2 1 2 1 2 1 2 2 2 1 2 2 2 2 2 2 2 2 2 2 2 2 2 1 2 2 2 1 2 2 2 2 2 1 2 2 2 2 2 1 1 1 2 2 2 2 2 2 2 1 2 2 2 1 2 2 2 1 2 2 2 1 2 2 1 1 2 2 2 1 1 1 2 2 2 2 2 2 1 1 2 2 2 2 2 1 2 2 2 1 2 2 2 1 1 1 2 2 2 1 2 2 1 1 0 0 2 1 2 1 2 1 2 2 2 2 2 1 2 2 1 1 2 2 2 2 2 2 2 1 2 1 2 2 2 1 2 2 2 1 2 2 0 0 2 2 1 1 2 1 2 2
O453 2 2 2 2 2 2 2 1 2 1 2 2 2 2 2 2 2 1 2 1 2 1 2 2 2 2 2 1 2 1 2 1 2 2 2 2 2 1 2 1 1 1 2 1 1 1 2 1 2 2 2 1 2 2 0 0 2 1 2 2 2 2 2 2 2 2 2 2 2 2 2 2 1 1 2 1 2 1 2 1 2 2 0 0 2 2 2 1 2 2 2 2 2 2 2 2 2 2 2 1 2 2 2 2 2 2 1 1 2 1 2 2 2 2 2 1 2 2 2 2 2 1 2 2 2 1 2 2 0 0 2 2 2 1 2 2 2 2 2 2 2 2 0 0 2 1 2 2 2 2 2 2 2 1 2 1 2 2 2 1 2 2 2 2 2 2 2 2 2 2 2 2 2 2 2 2 2 1 2 1 2 2 2 2 2 2 2 1 2 1 2 2 1 1 2 2 2 1 2 1 2 1 1 1 1 1 2 1 2 2 2 1 2 1 2 2 2 1 2 1 2 1 2 1 2 1 2 2 2 1 2 2 2 2 2 1 2 2 2 2 2 2 2 1 2 1 2 1 2 2 2 2 2 2 2 2 2 1 2 1 2 1 0 0 2 2 2 1 2 2 2 1 1 1 2 1 2 1 2 2 2 2 2 1 1 1 2 1 1 1 2 2 1 1 2 2 2 2 2 1 1 1 2 1 1 1 2 1 2 2 2 1 2 2 2 1 2 2 2 2 2 2 2 2 2 2 2 2 2 1 0 0 2 2 2 2 2 2 2 2 2 1 0 0 1 1 2 2 2 2 2 2 2 2 2 2 1 1 2 1 0 0 2 2 2 2 2 2 2 1 2 1 2 2 1 1 0 0 2 1 1 1 0 0 2 2 2 2 2 1 2 2 1 1 0 0 2 2 2 2 2 2 2 2 2 2 2 2 2 1 2 2 2 1 0 0 2 2 2 1 2 1 2 1 2 2 2 2 2 2 2 2 2 2 2 1 2 2 2 2 2 1 1 1 2 1 2 1 2 1 2 1 2 2 2 1 2 2 2 2 2 2
O461 2 2 2 1 1 1 2 2 0 0 0 0 2 2 2 1 2 2 2 2 1 1 2 2 2 1 2 1 2 2 2 2 2 2 2 2 2 1 2 1 1 1 2 1 2 1 2 2 2 2 0 0 2 2 2 2 2 2 2 1 2 2 2 2 0 0 2 1 2 1 2 2 2 1 2 2 2 1 2 1 1 1 0 0 2 2 2 2 2 1 2 1 2 1 2 1 2 2 1 1 2 2 2 2 2 2 2 1 2 2 2 1 2 2 2 1 2 2 2 2 2 2 2 2 2 1 2 2 2 1 2 2 2 2 2 1 2 1 2 2 2 2 2 2 2 1 2 2 2 2 2 2 2 2 0 0 0 0 2 1 2 1 2 1 2 1 2 2 2 1 2 1 2 1 2 2 2 2 2 2 2 2 2 2 2 2 1 1 2 1 2 1 2 2 2 2 0 0 2 2 2 1 2 1 2 1 2 2 2 1 2 1 2 2 2 1 1 1 1 1 2 1 2 1 2 1 2 1 1 1 2 2 2 2 2 1 2 1 2 2 2 2 2 1 2 2 2 2 2 2 2 1 2 2 2 1 1 1 2 1 2 2 2 2 2 1 1 1 2 2 1 1 1 1 2 2 2 2 2 2 2 2 2 2 2 2 2 1 2 2 2 1 1 1 2 1 2 2 2 2 2 2 2 2 1 1 2 2 2 1 1 1 2 2 2 2 2 2 2 2 2 2 2 1 1 1 1 1 2 2 2 1 2 1 2 2 2 2 2 2 2 1 2 2 2 2 2 1 2 2 2 1 2 2 2 1 2 2 2 2 2 1 2 1 2 2 2 1 2 1 1 1 2 1 2 1 2 2 2 1 2 1 2 1 2 2 2 1 2 1 1 1 2 1 2 1 2 2 2 2 2 2 2 1 2 2 2 2 1 1 2 1 2 1 2 1 2 1 1 1 2 1 2 2 2 2 1 1 2 1 2 2 2 2 2 2 2 1 2 2 2 1 1 1 2 1 2 2 2 1 2 2 2 1 1 1 2 1 2 1 2 2
O462 2 1 2 1 2 1 2 2 2 1 2 1 2 2 2 2 2 1 2 1 2 1 2 2 2 2 2 1 2 2 2 2 2 1 0 0 2 1 2 2 1 1 2 1 2 1 2 1 2 1 2 2 2 1 2 1 2 1 2 1 2 1 2 2 2 2 1 1 2 2 0 0 2 1 2 2 2 1 2 1 2 1 1 1 2 2 2 2 2 2 2 1 2 2 2 1 2 1 1 1 2 1 0 0 2 2 2 1 2 1 2 2 2 2 2 1 2 2 2 2 2 2 1 1 2 2 2 2 1 1 2 1 2 2 2 1 2 1 2 2 2 2 2 2 2 1 2 2 2 2 2 2 2 2 2 1 2 2 2 2 2 2 2 2 1 1 0 0 2 1 2 1 2 1 2 2 2 1 2 2 2 2 2 2 2 1 2 2 2 1 2 2 2 1 2 2 0 0 2 1 2 2 2 1 2 2 2 1 2 1 2 2 2 1 2 2 0 0 2 1 1 1 2 1 2 2 2 2 2 1 2 2 2 1 2 1 2 1 2 1 2 2 2 1 2 1 2 2 2 2 2 2 2 2 2 1 0 0 2 2 2 2 2 2 2 1 1 1 2 1 1 1 1 1 2 2 0 0 2 1 2 2 2 2 2 1 2 2 2 2 2 2 2 1 2 1 2 2 2 2 1 1 2 1 2 1 1 1 2 1 2 1 2 2 2 2 2 1 2 2 2 1 0 0 2 2 2 2 2 1 2 1 2 1 2 2 1 1 2 2 2 1 0 0 2 1 0 0 2 2 2 1 2 1 2 1 2 2 2 2 2 2 2 2 2 2 2 1 2 1 2 1 2 1 1 1 2 1 2 1 2 1 2 1 0 0 2 1 2 1 2 1 1 1 2 2 2 2 2 2 2 2 2 1 2 2 2 2 2 1 2 2 1 1 2 1 2 1 2 1 2 1 2 1 2 2 2 2 1 1 2 2 2 2 2 1 2 1 2 2 2 1 2 1 2 1 1 1 2 1 0 0 2 1 0 0 2 1 2 1 2 2
O471 1 1 2 2 2 1 2 1 1 1 2 1 2 1 2 1 2 2 2 1 1 1 2 2 2 2 2 1 2 1 2 2 2 2 2 2 2 1 2 1 1 1 2 1 2 1 2 1 2 2 2 2 2 1 2 1 2 2 2 2 2 1 2 2 2 2 2 1 2 2 2 1 2 1 2 2 2 1 0 0 2 2 2 2 2 2 2 2 2 2 2 1 2 2 2 2 2 2 2 1 2 2 2 2 0 0 2 1 2 1 2 2 2 2 2 1 2 1 2 1 2 1 2 1 2 1 2 2 1 1 2 2 2 1 2 1 2 1 2 2 2 2 2 1 2 1 2 2 2 2 2 2 2 2 2 2 2 2 2 2 2 2 2 2 2 1 2 1 2 1 2 2 2 1 2 2 1 1 2 2 2 2 2 2 2 1 1 1 2 2 2 2 2 1 2 2 2 2 2 2 2 2 2 1 2 1 1 1 2 2 1 1 2 1 2 1 2 1 2 1 2 1 2 1 2 1 2 2 2 1 2 2 2 2 2 1 2 1 2 1 2 2 1 1 2 2 2 2 2 1 2 2 2 2 2 1 1 1 2 1 2 2 2 2 2 1 2 1 2 2 1 1 1 1 2 2 2 2 2 2 2 2 2 2 2 2 2 2 2 2 2 1 2 2 2 1 2 1 2 2 0 0 1 1 2 1 2 1 2 2 1 1 2 1 2 2 2 2 2 2 2 1 2 2 2 1 1 1 2 1 2 1 2 1 2 2 2 2 2 1 2 2 2 2 2 1 2 1 2 2 2 1 0 0 2 1 2 2 2 1 2 2 2 1 2 2 2 2 2 1 2 1 2 1 2 1 2 2 2 1 2 1 2 2 0 0 2 1 2 1 2 1 1 1 2 2 2 2 2 2 2 1 2 1 2 2 2 2 2 2 2 1 2 1 2 1 1 1 2 1 2 1 2 2 2 2 0 0 2 2 1 1 2 1 2 2 2 1 2 1 2 1 2 2 2 1 2 2 2 2 2 1 2 1 2 1 2 1 2 1 2 2
O472 1 1 2 2 2 1 2 2 2 1 2 2 2 2 2 1 2 1 2 1 2 1 2 2 2 2 2 2 2 2 2 2 2 1 2 2 1 1 1 1 2 2 2 1 2 1 2 1 2 2 2 2 2 1 2 1 2 2 2 1 2 2 2 2 2 2 2 1 2 2 2 2 2 1 2 1 2 2 2 1 2 1 2 2 2 2 2 2 2 2 2 1 2 1 2 2 1 1 1 1 2 2 2 2 2 1 2 1 2 1 2 1 2 1 2 1 2 2 2 2 2 1 2 1 2 2 2 2 2 1 2 2 2 2 2 1 2 1 2 1 2 2 2 1 2 1 2 1 2 1 2 1 2 2 2 1 2 1 2 2 2 2 2 1 2 1 2 2 2 1 2 1 2 1 2 1 1 1 2 2 2 2 2 2 1 1 2 1 2 2 2 1 2 2 2 2 1 1 2 2 0 0 2 1 2 2 2 2 2 2 2 1 2 2 2 1 2 1 2 2 2 1 1 1 2 1 2 2 2 1 2 2 2 1 2 1 2 2 2 1 2 2 2 1 2 2 2 2 0 0 2 2 2 2 1 1 2 2 2 1 2 2 2 2 2 1 0 0 2 2 1 1 1 1 2 2 2 2 2 1 2 2 2 2 2 2 2 2 2 1 2 1 2 1 2 1 2 1 2 2 2 1 2 1 2 2 2 1 2 2 1 1 2 1 2 1 2 2 2 2 0 0 2 2 2 2 2 2 2 1 2 1 2 2 2 2 1 1 2 2 2 1 2 1 2 2 2 2 0 0 1 1 1 1 2 1 1 1 2 2 2 2 2 2 2 2 2 1 2 1 2 2 2 1 1 1 2 2 2 1 2 1 2 2 2 2 2 2 2 1 1 1 2 1 2 2 2 1 2 2 2 2 2 1 2 2 2 2 2 2 2 2 2 1 2 1 2 2 2 1 2 1 2 1 2 2 2 2 2 1 2 1 2 2 2 2 2 1 2 1 1 1 2 1 2 1 2 2 2 1 2 2 2 1 2 1 2 1 2 2 2 1
O473 2 1 2 1 0 0 2 1 2 2 2 2 2 1 2 1 2 1 2 1 2 1 2 2 2 2 2 1 2 2 2 1 2 2 2 2 1 1 2 1 1 1 1 1 1 1 2 2 2 1 2 1 2 2 2 2 2 2 2 1 2 1 2 2 0 0 2 1 2 2 2 2 1 1 2 1 2 1 2 2 2 2 1 1 2 2 2 2 2 2 2 2 2 2 2 1 2 2 2 2 2 2 2 2 2 2 2 1 2 2 1 1 2 2 2 1 2 2 2 1 2 1 2 1 2 2 2 2 1 1 2 2 2 1 2 1 2 1 2 2 2 2 2 1 2 2 2 1 2 2 2 2 2 2 2 1 2 2 2 1 2 1 2 1 1 1 2 1 2 2 2 1 2 1 2 2 1 1 2 2 2 1 2 2 2 1 2 1 2 1 2 2 2 1 2 1 2 1 2 1 2 1 2 1 2 1 2 1 2 1 2 2 2 1 2 2 2 1 2 1 2 1 2 1 0 0 2 2 2 1 2 2 2 2 2 2 2 1 2 2 2 2 2 1 2 1 2 1 2 1 2 2 2 1 2 1 2 2 2 1 2 1 0 0 2 1 2 1 2 1 2 1 1 1 2 2 2 2 2 1 2 2 2 2 2 1 2 2 2 2 2 1 2 1 1 1 2 1 2 2 2 1 2 1 1 1 1 1 2 1 2 2 2 1 1 1 2 2 2 2 2 1 2 2 2 1 2 1 1 1 2 1 2 1 2 2 1 1 2 1 2 1 2 2 2 1 2 2 2 1 2 1 2 1 0 0 2 1 2 2 2 2 1 1 2 1 2 2 2 1 1 1 2 2 2 1 2 2 2 2 1 1 2 2 2 2 2 1 2 1 2 1 2 1 2 2 2 2 2 2 2 2 1 1 2 1 2 2 2 2 2 1 2 1 0 0 2 2 1 1 1 1 1 1 2 1 2 1 0 0 1 1 2 1 2 2 2 2 2 1 2 1 2 1 2 1 2 2 2 1 2 1 2 1 2 1 1 1 2 1 2 2
O474 2 1 2 2 2 1 2 2 2 2 2 1 2 1 2 1 2 1 2 1 1 1 2 2 2 2 2 1 2 1 2 1 2 2 2 2 2 1 2 1 1 1 2 1 2 1 2 1 2 1 2 2 2 2 2 2 2 2 2 2 2 1 2 2 2 2 1 1 2 1 2 2 1 1 2 1 2 1 2 1 2 1 2 1 2 2 1 1 2 1 2 1 2 2 2 1 2 1 1 1 2 2 2 2 0 0 1 1 2 1 2 2 2 1 1 1 2 1 2 2 2 1 2 1 2 2 2 1 2 1 2 2 2 1 2 1 2 1 2 1 2 2 2 2 2 2 2 1 2 1 2 1 2 2 2 2 1 1 2 1 2 1 2 1 2 1 2 1 2 2 2 1 2 1 2 2 2 1 2 2 2 2 2 2 2 1 2 1 2 2 2 1 2 1 2 2 2 1 2 1 2 2 2 1 2 1 2 2 2 1 2 2 2 1 2 1 2 1 2 1 2 1 2 1 2 1 2 2 2 1 2 2 2 2 2 2 2 1 2 2 2 2 2 1 2 1 2 2 2 2 2 1 2 2 2 1 1 1 2 1 2 2 2 2 1 1 2 1 2 2 2 1 1 1 1 1 2 2 2 2 2 2 2 2 2 1 2 1 2 2 2 2 2 1 1 1 2 1 2 2 1 1 2 1 2 1 2 1 0 0 2 1 2 1 2 1 2 2 2 2 2 1 2 2 2 1 2 2 2 2 2 1 2 1 2 2 1 1 2 2 2 2 2 2 2 1 1 1 2 1 2 1 2 1 2 1 2 2 2 2 2 1 2 2 2 2 2 2 2 1 2 1 2 1 1 1 2 2 2 1 2 1 2 1 2 2 2 1 2 1 2 1 0 0 2 1 2 2 2 2 2 1 2 1 2 1 2 2 2 1 2 2 1 1 2 2 2 2 2 1 1 1 2 1 2 2 2 1 2 1 2 2 2 1 2 2 1 1 2 1 2 1 1 1 2 1 0 0 2 2 2 1 2 1 2 1 2 2 2 1 2 2
O475 2 1 2 2 2 1 2 2 2 1 2 2 2 1 2 1 2 1 2 1 2 1 2 2 2 2 2 1 2 2 2 1 2 1 2 1 2 1 2 1 1 1 2 1 2 1 2 1 2 2 2 2 2 2 2 2 2 2 2 1 2 1 2 1 2 2 2 1 2 1 2 1 1 1 2 1 2 1 2 1 2 2 1 1 2 2 2 2 2 2 2 1 2 2 2 1 2 2 1 1 2 2 2 2 2 2 2 1 2 1 2 1 2 2 2 2 2 2 2 2 2 1 2 1 2 2 2 2 1 1 2 2 2 1 2 2 2 1 2 1 2 1 2 1 1 1 2 1 2 2 1 1 2 2 2 2 2 1 2 1 2 1 1 1 1 1 2 1 2 1 2 1 2 1 2 1 1 1 2 1 2 1 2 2 2 1 2 1 2 1 2 2 2 1 2 1 2 1 2 2 2 1 2 2 2 1 2 1 2 1 2 1 2 1 2 1 2 1 2 1 2 1 2 1 1 1 2 2 2 1 2 1 2 1 2 1 2 1 2 2 2 2 2 1 2 1 1 1 2 1 2 1 2 2 2 1 2 1 2 1 2 1 2 1 2 1 2 1 2 1 2 1 1 1 2 1 2 2 2 1 2 2 2 2 2 1 2 1 2 2 2 1 0 0 1 1 2 1 2 2 2 1 1 1 2 1 2 1 2 1 2 1 2 1 2 1 2 1 2 2 2 1 2 2 2 1 2 1 1 1 2 1 2 2 2 2 2 1 2 1 2 1 2 1 2 1 2 1 2 1 1 1 2 1 2 1 2 1 2 1 2 2 1 1 2 1 2 1 2 2 2 1 2 2 1 1 2 2 2 1 1 1 2 2 2 1 2 2 1 1 2 1 2 2 2 2 2 2 2 1 2 2 2 1 2 1 2 2 2 2 2 1 1 1 2 1 2 1 1 1 2 1 2 1 2 1 2 1 1 1 2 1 2 1 2 2 2 1 1 1 2 1 2 1 2 1 2 2 2 2 2 1 2 1 2 1 2 1 2 1 2 2
O476 0 0 2 2 2 2 2 2 2 2 2 2 2 2 2 1 2 2 2 1 2 1 2 2 2 2 2 1 2 2 2 2 2 1 2 2 2 1 2 2 1 1 2 1 2 1 2 1 2 1 2 2 2 1 2 1 2 2 2 1 2 2 2 2 2 2 2 1 1 1 2 2 2 1 2 1 2 2 2 2 2 1 2 1 2 2 0 0 2 2 2 2 2 1 2 1 2 2 1 1 2 2 2 2 2 2 2 1 0 0 2 1 2 1 2 1 2 2 2 2 1 1 2 1 2 2 2 2 2 1 2 1 2 2 2 1 2 1 2 1 2 2 2 1 2 1 2 1 2 1 2 1 2 2 2 1 2 2 0 0 2 1 2 1 2 1 2 2 2 1 1 1 2 1 2 1 1 1 2 2 2 1 2 2 2 1 2 1 2 1 2 1 0 0 2 1 2 2 2 2 2 1 2 2 2 1 2 2 2 1 2 1 2 1 2 1 2 1 2 2 2 2 2 2 2 1 2 2 2 2 2 2 2 1 2 1 2 1 2 2 2 2 2 1 2 1 2 1 2 1 2 2 2 2 2 1 2 2 2 1 2 2 2 1 2 1 2 1 2 1 1 1 2 1 2 2 2 2 2 1 2 2 2 1 1 1 2 2 2 2 2 1 2 2 1 1 2 1 2 2 0 0 2 1 2 2 0 0 2 1 2 1 2 1 2 1 2 2 2 2 2 1 2 2 2 2 2 1 0 0 2 2 0 0 2 2 1 1 2 1 2 1 2 2 2 2 1 1 2 1 2 1 2 1 2 1 2 1 2 1 2 1 2 2 2 2 2 1 2 2 2 1 2 2 1 1 2 2 2 1 2 1 2 1 2 2 2 2 2 1 2 2 0 0 2 2 2 2 2 2 2 2 0 0 2 1 2 2 2 2 2 1 2 1 2 1 2 2 2 1 2 1 2 2 2 1 2 2 2 1 2 2 2 1 2 2 2 1 2 1 1 1 1 1 2 1 2 2 1 1 2 2 1 1 1 1 2 2 2 2 2 2
O477 2 1 2 1 2 1 2 1 2 1 2 2 2 2 2 1 2 1 2 1 1 1 2 1 2 2 2 1 2 2 2 2 2 2 0 0 2 1 2 1 2 1 1 1 2 1 2 2 2 2 2 2 1 1 2 2 2 2 2 2 2 1 2 1 2 1 2 2 2 1 2 2 1 1 2 2 1 1 2 2 2 2 1 1 2 1 2 2 2 1 2 2 2 2 2 1 2 2 1 1 2 2 2 2 2 2 2 1 2 1 1 1 2 2 2 2 1 1 2 2 1 1 2 2 2 2 2 2 2 1 2 1 2 1 2 2 2 1 2 2 2 2 2 2 1 1 2 2 2 2 2 2 2 2 2 2 2 2 2 1 2 2 1 1 2 1 2 2 2 1 2 1 2 1 2 1 1 1 2 1 2 2 2 2 2 2 2 1 2 2 0 0 2 1 2 2 2 1 2 2 1 1 2 2 0 0 2 1 2 1 2 1 2 2 0 0 1 1 2 1 2 2 2 2 1 1 2 2 2 1 2 2 1 1 2 2 2 1 2 2 2 2 2 2 2 1 2 2 2 2 2 2 2 2 2 1 2 2 2 2 2 2 2 1 2 1 1 1 2 2 0 0 1 1 2 1 2 2 2 2 2 1 2 2 2 2 2 1 2 2 2 1 2 1 1 1 2 1 2 1 2 1 2 2 2 2 2 1 2 2 2 2 2 1 2 2 0 0 2 2 1 1 2 2 2 1 2 2 2 2 2 1 2 1 2 2 2 2 2 2 2 2 2 1 2 2 0 0 2 2 2 1 1 1 1 1 2 1 2 2 2 2 0 0 2 2 2 1 2 1 2 2 2 2 1 1 2 2 2 1 0 0 2 2 2 2 2 2 0 0 2 2 2 2 2 2 2 2 2 2 2 2 1 1 2 1 2 2 2 2 2 2 1 1 2 1 2 2 2 1 2 1 1 1 2 1 2 1 2 2 2 2 2 2 2 2 2 1 2 1 1 1 2 1 1 1 2 2 2 2 2 2 0 0 2 1 2 2 0 0 2 2
O481 2 2 2 1 2 1 2 1 2 1 2 2 2 2 2 2 2 2 2 2 1 1 2 2 2 2 2 1 2 1 2 1 1 1 2 1 1 1 2 2 2 2 2 1 2 2 2 1 2 2 2 1 2 2 2 2 2 1 2 1 2 1 2 2 2 1 2 2 2 2 2 1 2 1 2 2 2 1 2 2 2 1 2 2 2 1 2 2 2 2 2 1 2 1 2 2 2 1 2 1 2 2 2 2 2 1 1 1 1 1 2 2 2 1 2 2 2 2 2 2 2 1 2 1 2 2 2 1 2 1 2 2 2 1 2 1 2 2 2 2 2 2 2 2 2 1 2 1 2 1 2 1 2 1 2 2 2 2 2 2 2 2 2 1 2 1 2 2 2 1 2 2 2 2 2 1 2 1 2 2 0 0 2 1 2 1 2 2 2 2 2 2 2 2 2 2 2 1 2 2 2 2 2 2 2 2 2 1 0 0 2 1 2 2 2 1 2 1 2 1 2 2 2 1 2 1 2 1 2 1 2 1 2 2 2 2 2 2 2 1 2 1 2 2 2 1 2 2 2 2 2 1 2 1 2 2 2 1 2 1 2 1 2 1 2 2 2 2 2 2 2 2 2 1 2 1 2 1 2 2 2 2 2 2 0 0 1 1 2 2 2 2 2 2 2 1 2 1 2 1 1 1 2 1 2 2 2 1 2 1 2 2 2 2 2 1 2 1 2 2 2 1 2 1 1 1 2 2 2 1 2 1 2 1 2 1 1 1 2 1 1 1 2 1 2 2 2 1 2 1 2 1 1 1 2 1 1 1 0 0 2 1 2 2 2 2 2 1 2 1 2 1 2 2 2 1 2 2 2 2 2 1 2 1 2 2 2 1 2 1 2 1 2 2 2 2 2 1 2 2 2 2 2 1 2 1 1 1 1 1 2 2 2 1 2 1 2 1 2 1 2 1 2 1 2 2 2 2 2 2 1 1 0 0 1 1 2 1 2 1 2 1 2 1 2 2 2 2 2 2 2 2 1 1 2 1 2 1 2 1 1 1
O482 2 1 0 0 2 1 2 2 2 2 2 1 2 1 0 0 2 1 2 1 2 1 2 1 2 2 2 2 2 1 2 1 2 2 2 1 2 1 2 1 2 2 2 1 2 2 2 2 1 1 2 1 2 1 2 1 2 2 2 2 2 1 0 0 2 1 2 1 1 1 1 1 2 1 2 1 2 1 2 1 2 1 2 2 2 1 0 0 2 2 2 1 2 1 2 1 2 1 1 1 2 1 2 2 2 1 2 1 2 1 2 1 2 1 2 1 2 1 0 0 2 2 2 1 0 0 2 1 2 1 2 1 2 1 2 2 2 2 2 2 2 1 2 2 2 1 2 2 2 2 2 2 2 1 2 1 2 1 2 2 2 2 2 1 2 1 2 1 2 1 2 1 2 1 2 2 2 1 2 1 2 1 2 2 2 1 2 1 2 1 2 1 2 1 2 1 1 1 2 1 2 1 2 1 2 2 2 1 2 2 2 2 2 1 2 2 1 1 2 1 2 1 0 0 2 1 2 2 2 1 1 1 2 1 2 2 0 0 2 1 2 1 2 2 1 1 0 0 2 1 2 2 2 1 1 1 1 1 2 1 2 2 2 1 2 1 2 2 2 1 2 2 2 1 2 2 2 1 2 2 2 2 2 1 2 1 2 2 2 2 2 1 2 2 2 1 2 1 1 1 1 1 2 1 2 2 0 0 1 1 1 1 2 1 2 1 2 1 2 1 2 1 2 1 2 2 2 2 2 2 2 2 2 2 2 2 2 1 2 1 2 2 2 1 2 1 2 2 2 2 1 1 2 1 2 1 2 1 2 2 2 2 2 1 2 1 2 1 2 2 2 2 2 1 2 1 2 1 2 1 1 1 2 1 2 1 2 2 2 2 2 2 0 0 2 2 2 1 2 2 2 2 2 2 2 2 1 1 2 1 2 1 2 1 2 1 2 1 2 1 2 1 2 1 2 2 2 1 2 1 2 1 2 2 2 1 2 1 2 2 2 1 2 1 2 2 2 2 1 1 0 0 2 1 2 1 1 1 2 2 2 1
O483 2 2 0 0 2 2 0 0 2 2 2 2 2 2 2 2 2 2 2 2 0 0 2 2 0 0 2 2 2 1 2 2 1 1 2 2 1 1 2 1 0 0 2 1 0 0 1 1 0 0 2 2 0 0 0 0 2 2 0 0 0 0 2 2 2 2 0 0 0 0 2 2 1 1 2 2 2 2 2 1 2 1 2 2 0 0 2 2 2 2 2 1 2 1 2 2 2 2 2 1 2 2 2 2 2 2 1 1 2 1 0 0 2 2 0 0 2 2 2 1 2 1 2 1 2 2 2 2 0 0 2 2 2 2 2 1 2 2 2 2 0 0 2 2 2 2 2 2 2 2 2 2 0 0 2 2 0 0 0 0 0 0 2 2 1 1 0 0 0 0 2 1 2 2 2 2 2 2 0 0 2 2 0 0 0 0 2 2 2 2 2 2 2 2 2 2 2 2 2 2 2 2 2 2 2 1 2 1 0 0 2 2 1 1 2 1 2 1 1 1 2 1 2 1 2 1 0 0 0 0 2 2 2 2 2 2 1 1 0 0 0 0 2 1 2 1 2 1 0 0 2 1 2 2 2 2 2 2 0 0 2 1 1 1 0 0 2 2 0 0 2 2 2 2 2 1 2 2 2 2 0 0 0 0 0 0 0 0 2 2 2 2 0 0 2 1 2 1 0 0 2 1 2 1 2 2 2 2 1 1 2 2 0 0 2 2 2 2 2 2 2 2 0 0 2 2 2 2 2 2 0 0 0 0 2 1 2 2 2 2 2 2 2 2 1 1 0 0 0 0 2 2 1 1 2 2 1 1 0 0 1 1 2 2 2 1 2 2 2 2 0 0 2 2 1 1 2 2 2 2 1 1 2 2 2 1 2 2 2 2 2 2 2 1 2 2 0 0 0 0 2 2 2 1 2 2 0 0 2 1 0 0 0 0 0 0 2 2 0 0 0 0 2 1 2 2 0 0 2 2 1 1 0 0 2 1 2 1 2 1 2 1 0 0 2 2 2 2 2 1 0 0 1 1 2 1 0 0 0 0 0 0
O484 0 0 2 2 2 2 2 2 0 0 1 1 2 1 2 2 2 1 0 0 1 1 2 1 2 2 2 2 2 1 2 1 2 2 2 2 1 1 2 1 2 2 2 1 2 2 2 2 2 1 2 1 2 2 2 2 2 1 2 2 1 1 2 2 2 1 2 2 0 0 2 1 2 1 2 1 2 1 0 0 2 1 2 2 2 1 2 1 2 2 1 1 0 0 2 2 2 2 2 1 2 2 2 1 1 1 2 2 2 1 2 2 2 1 2 1 0 0 1 1 2 2 2 2 2 2 0 0 2 2 2 2 2 2 2 1 2 2 1 1 2 2 2 2 2 2 2 1 2 2 2 2 2 2 2 2 2 2 2 2 2 2 2 2 2 2 2 1 0 0 2 2 2 2 2 2 2 2 2 1 2 1 0 0 2 1 0 0 1 1 2 2 2 2 2 1 2 1 2 2 2 1 2 2 0 0 2 2 2 2 2 2 2 1 2 2 2 2 2 1 2 2 2 1 2 1 2 2 2 1 2 1 2 2 2 2 2 2 2 2 2 2 2 2 1 1 2 1 2 1 2 2 1 1 2 1 2 1 2 1 2 2 2 2 2 1 2 2 2 2 2 2 0 0 2 1 2 1 0 0 2 1 2 1 2 1 2 2 2 2 2 1 2 1 2 2 2 1 2 1 2 1 0 0 2 2 2 2 1 1 1 1 2 1 2 1 2 1 2 1 2 2 2 2 2 1 2 1 2 1 2 1 2 2 1 1 2 2 2 2 0 0 1 1 2 2 0 0 2 2 2 2 2 1 1 1 2 2 2 2 2 2 2 2 2 1 0 0 2 2 2 2 0 0 0 0 2 2 2 2 1 1 2 1 2 2 2 1 2 2 2 1 2 1 2 2 1 1 2 1 2 2 2 2 1 1 2 1 1 1 2 1 1 1 2 1 0 0 1 1 0 0 2 1 2 2 2 2 2 2 2 2 0 0 1 1 2 1 2 2 1 1 2 2 2 2 2 1 2 1 2 2 2 1 2 1 1 1 2 2 2 1
O485 2 1 1 1 2 2 2 1 2 1 2 2 2 2 2 2 2 2 2 2 2 1 2 1 2 1 2 2 2 1 2 1 2 2 2 1 2 1 2 1 2 1 2 1 2 2 2 1 2 1 2 1 2 2 2 2 2 1 2 2 2 1 2 2 2 2 2 1 2 2 2 1 1 1 2 1 2 1 2 2 2 1 1 1 2 1 2 1 2 1 2 1 2 1 2 1 2 2 1 1 2 2 2 1 1 1 2 1 1 1 2 1 2 1 2 1 1 1 2 1 2 2 0 0 2 2 2 2 2 1 2 2 2 1 2 2 2 2 0 0 2 1 2 2 2 2 2 2 2 2 2 2 2 1 2 1 2 2 2 1 2 2 2 1 2 1 2 2 2 1 2 1 2 1 2 1 2 1 2 1 2 1 2 2 2 2 2 1 2 1 2 1 2 2 2 2 1 1 2 2 2 1 2 2 2 1 2 1 2 2 2 2 2 1 2 1 2 1 0 0 2 1 2 1 2 2 2 1 2 1 2 1 2 1 2 2 2 2 2 2 2 2 2 1 2 1 2 2 2 1 0 0 2 1 2 2 2 1 2 2 2 2 2 2 2 1 2 1 2 1 2 1 2 1 2 1 2 1 2 1 2 1 2 1 2 1 2 2 2 2 2 2 2 1 2 1 2 1 2 1 1 1 1 1 2 2 2 1 2 1 2 2 2 1 2 1 2 2 2 1 2 1 2 1 2 1 1 1 1 1 2 1 2 1 2 2 2 1 2 1 2 2 2 1 2 1 2 2 2 1 2 2 2 1 2 2 0 0 2 1 2 2 2 2 2 2 2 2 2 2 2 1 2 1 2 1 2 2 2 1 2 1 2 1 2 1 2 1 2 2 2 1 2 2 2 2 2 1 2 1 2 1 0 0 2 2 2 2 2 2 2 1 2 1 2 1 1 1 2 1 2 1 2 1 2 2 2 2 2 2 1 1 2 1 2 1 2 2 2 2 2 1 2 1 2 2 2 2 2 1 2 2 1 1 2 1 1 1 2 1 2 1
O487 2 1 2 1 2 1 2 2 2 2 0 0 2 2 2 2 0 0 2 2 1 1 2 1 0 0 2 2 1 1 2 1 2 2 2 2 2 1 2 1 2 1 2 1 2 2 0 0 2 1 2 2 0 0 0 0 2 1 2 2 2 1 2 1 2 2 2 2 2 2 2 1 1 1 2 2 0 0 2 2 2 2 1 1 2 1 2 1 2 1 2 1 2 2 2 2 2 2 2 2 2 1 2 1 2 2 1 1 2 1 1 1 2 2 1 1 2 1 2 1 2 2 2 2 2 2 2 2 1 1 2 2 2 2 2 2 0 0 0 0 2 1 2 2 2 2 2 1 2 2 2 2 1 1 2 2 1 1 2 2 0 0 2 2 2 1 2 2 2 1 0 0 2 1 2 1 1 1 1 1 2 2 2 2 2 2 2 2 2 2 2 1 2 1 2 2 1 1 2 1 2 1 2 2 2 2 2 1 2 2 2 2 1 1 2 2 2 1 2 2 2 2 2 1 2 2 2 1 2 1 0 0 2 1 2 2 2 2 2 2 2 2 2 2 2 1 2 2 2 1 2 2 2 1 2 2 2 1 2 2 2 2 2 1 2 1 2 2 1 1 1 1 2 2 2 1 2 1 2 1 2 1 2 2 2 2 2 1 2 2 2 2 0 0 1 1 2 2 0 0 1 1 1 1 2 2 2 2 2 1 0 0 2 2 2 1 2 2 0 0 2 1 2 1 2 2 2 2 1 1 2 1 2 1 2 2 2 1 2 1 2 1 2 2 2 2 2 2 2 1 2 2 2 1 2 2 2 2 2 1 2 2 1 1 2 1 2 1 2 2 2 2 2 2 2 1 2 2 2 2 2 1 2 1 2 1 2 2 2 2 2 2 2 2 2 2 2 1 2 1 0 0 0 0 2 2 0 0 2 1 0 0 2 1 1 1 2 1 1 1 2 1 2 1 2 2 2 2 2 2 0 0 2 1 0 0 2 1 2 2 2 1 2 1 2 2 2 2 2 2 2 2 1 1 2 1 1 1 2 2 2 1
O488 2 2 2 1 2 1 1 1 2 2 2 1 2 1 2 1 2 1 2 2 2 1 2 1 2 1 2 1 2 1 2 2 2 1 2 1 2 1 2 1 1 1 2 1 2 1 2 1 2 1 2 1 2 1 2 1 2 1 2 1 2 1 2 2 2 1 2 1 2 1 2 1 2 1 2 1 2 1 2 1 2 1 2 2 2 1 1 1 2 1 2 1 2 1 2 1 2 1 2 1 2 1 2 1 2 1 2 1 2 1 2 1 2 1 2 1 2 2 2 1 2 1 2 1 2 2 2 1 2 1 2 2 2 1 2 2 2 1 2 1 2 2 2 2 1 1 2 1 2 1 2 2 2 2 2 2 2 1 2 2 2 1 2 1 2 1 2 2 2 1 2 1 2 1 2 2 2 1 2 1 2 1 2 1 2 1 0 0 2 1 2 1 2 1 2 2 2 1 2 1 2 1 2 1 2 2 2 2 2 1 2 1 2 1 2 1 2 1 2 1 2 2 0 0 2 1 2 1 2 1 2 2 2 1 2 1 2 1 2 2 2 1 2 1 2 1 0 0 2 1 2 1 2 2 2 1 2 2 2 1 1 1 2 1 2 1 2 2 2 2 2 1 2 2 2 2 2 2 2 2 2 1 2 1 2 1 1 1 2 2 2 1 2 2 2 1 2 1 2 1 1 1 2 2 2 2 2 2 2 1 2 1 2 1 2 1 2 1 2 2 2 1 2 1 2 2 2 2 2 1 2 1 2 2 2 1 2 1 2 1 2 1 2 1 2 1 2 1 2 1 2 1 2 1 2 1 2 1 2 1 1 1 2 1 2 1 2 1 2 1 2 2 2 1 2 1 2 1 2 1 2 1 2 1 2 1 2 1 1 1 2 2 2 2 2 2 2 1 2 2 2 1 2 2 2 2 2 1 2 1 2 1 2 1 2 1 2 1 2 1 2 1 2 2 2 1 2 2 2 2 0 0 2 1 2 1 2 1 2 1 2 1 2 2 2 1 2 2 1 1 1 1 2 1 2 1 2 1 2 1 2 1
O489 2 1 2 1 2 1 2 1 2 2 2 2 2 2 2 2 2 2 2 1 2 1 2 2 0 0 2 1 2 1 2 1 1 1 2 2 2 1 2 1 2 1 2 1 2 2 2 2 2 2 2 2 0 0 2 1 2 2 2 1 2 1 2 2 2 1 2 1 2 2 2 1 2 2 2 1 2 1 1 1 2 1 2 2 2 2 2 1 2 2 2 2 2 1 2 1 2 2 1 1 2 2 2 1 2 2 2 2 1 1 1 1 2 2 2 1 2 2 2 1 2 2 0 0 2 2 2 2 2 2 2 1 2 1 2 1 2 1 2 2 2 2 2 1 2 1 2 1 0 0 2 2 2 2 2 2 2 2 2 1 2 1 2 2 2 1 2 1 2 1 2 2 2 2 2 1 2 1 2 1 2 2 1 1 2 1 2 2 2 2 2 2 1 1 2 2 2 1 2 1 2 2 2 2 2 1 0 0 2 2 2 2 1 1 2 2 0 0 2 1 2 2 2 1 2 2 2 1 2 1 2 2 2 1 2 2 2 1 2 2 2 1 2 1 2 1 2 2 2 1 2 1 2 2 2 2 2 1 0 0 2 2 2 2 2 2 2 2 2 2 2 1 2 1 2 1 2 2 2 1 2 2 2 1 1 1 2 2 2 2 2 2 2 2 2 1 2 1 2 2 2 2 2 2 2 2 2 1 2 1 2 1 2 1 2 1 2 2 2 1 2 1 2 1 2 1 2 2 2 1 2 1 2 1 0 0 2 1 2 1 2 2 2 2 0 0 2 2 2 1 2 2 2 1 2 2 2 1 2 2 2 1 2 2 2 2 2 2 2 1 2 2 2 2 1 1 2 2 0 0 2 2 2 2 2 2 2 1 2 1 1 1 1 1 2 2 1 1 2 1 2 1 2 2 2 1 1 1 2 1 2 1 0 0 2 1 2 2 1 1 2 2 2 1 2 2 2 2 1 1 2 2 2 1 2 2 2 2 2 1 2 1 2 2 1 1 2 1 2 1 2 1 2 1 2 1 2 1 2 2 2 1
O490 2 1 2 1 0 0 2 2 2 2 1 1 2 1 2 2 2 1 2 1 2 1 2 1 2 1 2 2 2 2 2 1 2 2 2 1 2 2 2 1 2 1 2 1 2 2 1 1 2 2 1 1 2 2 2 2 2 2 2 2 2 1 2 2 2 2 2 1 2 2 1 1 2 2 2 1 2 1 2 1 2 2 2 2 2 1 2 1 2 1 2 2 2 1 2 1 2 1 2 2 0 0 2 1 2 1 1 1 2 1 2 1 2 2 2 1 1 1 2 1 2 2 2 2 2 1 2 2 2 1 2 1 2 2 0 0 2 2 2 2 2 2 2 2 2 1 2 2 2 1 2 2 0 0 2 2 1 1 2 2 2 2 2 2 2 1 2 2 1 1 2 2 2 1 2 2 1 1 2 2 2 1 2 1 0 0 2 1 2 1 2 1 2 1 2 2 2 1 2 1 2 2 2 1 2 1 2 1 2 2 2 1 1 1 1 1 1 1 1 1 2 1 2 1 2 2 2 2 2 2 2 1 2 2 2 2 2 2 0 0 1 1 2 1 2 1 2 2 1 1 2 2 2 2 2 1 2 2 2 2 2 1 1 1 1 1 2 1 2 2 2 1 2 1 2 1 1 1 2 1 2 1 2 1 2 1 2 1 2 1 2 2 2 2 2 1 2 1 2 1 2 1 1 1 2 2 2 1 2 1 0 0 2 1 2 1 2 2 2 2 2 2 2 1 2 1 2 2 2 2 2 1 2 1 2 1 2 1 2 2 2 2 2 2 2 2 2 1 2 1 2 2 2 1 2 2 1 1 2 1 2 1 2 2 2 2 2 2 2 2 2 2 2 1 2 1 2 2 2 2 2 1 2 2 2 1 2 2 2 2 2 1 2 2 2 2 2 2 1 1 2 2 2 1 2 2 2 1 1 1 0 0 2 1 1 1 2 2 2 1 2 1 2 1 0 0 1 1 2 2 2 2 2 1 2 1 2 1 2 2 2 1 1 1 2 1 2 2 2 2 2 1 2 1 2 1 2 1 2 2 2 1
O491 2 1 1 1 2 2 2 1 2 2 2 1 2 1 2 2 2 1 2 2 2 1 2 1 2 1 2 2 2 1 2 2 2 1 2 1 2 1 2 1 2 1 2 1 2 1 2 2 2 1 2 1 2 2 2 1 2 2 2 2 2 1 2 1 2 2 2 2 2 1 0 0 2 1 2 1 2 1 2 1 2 2 2 2 2 2 2 1 2 1 2 2 2 1 2 1 2 1 2 1 2 1 2 1 2 1 2 1 2 2 2 1 2 1 2 1 2 1 2 1 2 1 2 2 2 1 2 1 2 1 2 1 2 1 2 1 2 2 2 1 2 2 2 2 2 1 2 1 2 2 2 2 1 1 2 2 2 1 2 2 2 2 2 2 2 1 2 2 1 1 2 1 2 2 2 2 1 1 2 1 0 0 2 1 2 1 2 1 2 2 2 1 2 2 2 2 2 1 2 1 2 2 2 2 2 1 2 1 2 2 2 1 2 1 2 1 1 1 2 1 2 1 2 2 2 1 2 2 2 2 2 1 2 1 2 1 2 2 2 2 2 1 2 1 2 1 2 2 2 1 2 2 2 2 2 1 2 1 2 1 2 2 2 1 2 1 2 2 2 2 2 2 2 1 2 2 2 1 2 2 2 2 2 1 1 1 2 1 2 1 2 2 2 1 2 1 2 1 1 1 1 1 1 1 2 1 1 1 2 1 2 1 2 2 2 1 2 1 2 2 2 1 2 1 2 1 2 2 0 0 2 1 2 2 2 1 2 1 2 2 0 0 2 1 2 1 2 1 2 1 2 2 2 1 2 1 1 1 2 1 2 2 2 2 2 2 2 1 2 1 2 1 2 1 2 1 2 2 2 1 2 1 2 1 2 1 2 1 2 1 2 1 2 2 2 2 2 1 2 1 2 1 2 2 2 2 2 1 1 1 2 1 2 1 2 1 2 1 2 1 2 1 1 1 2 1 2 1 2 1 2 1 2 1 2 1 2 1 2 2 2 1 2 1 2 1 2 2 2 1 2 2 2 2 2 1 2 1 2 2 2 1
O492 2 2 2 1 2 2 2 1 2 1 2 1 2 2 0 0 2 2 2 1 2 1 2 1 2 1 2 2 1 1 2 1 2 1 2 1 2 1 2 1 2 1 2 1 2 2 2 1 2 1 2 1 2 2 2 1 2 1 2 2 2 1 2 2 2 1 2 2 2 2 2 2 2 1 2 2 2 2 2 2 2 1 2 2 2 1 1 1 2 1 2 1 2 1 2 1 2 1 2 1 2 1 2 2 2 2 1 1 2 2 1 1 2 1 2 1 2 1 2 1 2 1 2 1 2 2 2 1 2 2 2 1 2 1 2 1 2 2 2 1 2 1 2 1 2 2 2 1 2 1 2 1 1 1 2 1 2 1 2 2 2 1 2 1 2 1 2 2 2 1 2 2 2 2 2 1 2 2 2 1 2 1 2 1 2 1 2 1 2 2 2 2 2 2 2 1 1 1 2 1 2 1 2 1 2 2 2 1 2 2 2 2 2 1 2 1 2 1 1 1 2 1 2 2 2 2 2 1 2 1 2 1 2 1 2 1 2 2 2 1 2 2 2 2 2 2 2 2 2 1 2 1 2 1 2 2 2 2 2 1 2 1 1 1 2 1 2 2 2 1 2 1 1 1 2 1 2 1 2 2 2 2 2 1 2 2 1 1 2 2 2 1 2 2 2 1 2 2 1 1 2 1 2 2 2 1 2 1 2 1 2 2 2 2 2 1 2 1 2 2 2 1 2 1 2 1 2 1 1 1 2 2 2 1 2 1 2 1 2 2 2 2 2 1 0 0 2 1 2 1 2 2 1 1 2 1 2 1 2 2 2 1 2 2 2 2 2 2 2 1 2 1 2 1 2 1 2 2 2 2 2 1 2 2 2 1 2 1 2 2 2 2 2 2 2 2 2 1 2 1 2 2 2 1 2 2 2 1 2 1 2 1 2 1 2 1 2 2 2 1 2 2 2 1 2 1 2 1 2 1 2 1 2 2 2 1 1 1 2 1 2 1 2 1 2 1 2 2 2 1 2 2 2 1 0 0 2 1 2 2 2 1
O506 2 2 2 2 0 0 2 2 2 2 2 1 2 1 1 1 2 2 2 2 1 1 0 0 2 2 2 2 2 1 2 1 2 1 2 1 2 1 2 1 2 1 2 1 2 2 2 2 2 1 2 2 2 2 2 2 2 1 2 2 2 1 2 2 2 1 2 2 2 2 2 1 2 2 2 2 2 1 2 2 2 2 2 2 2 2 2 2 2 2 2 1 2 1 2 1 2 2 2 1 2 2 0 0 2 1 2 1 2 1 1 1 2 1 2 1 2 1 0 0 2 1 2 1 2 2 2 1 2 1 2 2 2 1 2 1 2 2 2 1 2 2 2 1 2 2 2 1 2 1 2 1 2 1 2 2 2 2 2 2 2 1 2 1 1 1 2 1 2 2 2 2 2 2 1 1 2 2 1 1 2 2 1 1 2 2 2 1 0 0 2 2 2 1 2 1 1 1 2 1 2 1 2 2 2 2 2 1 2 2 2 1 1 1 2 1 2 1 1 1 2 2 2 2 1 1 2 2 1 1 2 1 2 2 2 1 0 0 2 2 2 2 2 2 2 1 2 2 1 1 2 2 2 1 2 1 2 2 2 2 1 1 2 1 2 1 2 1 2 1 2 2 2 2 2 2 2 2 2 2 2 2 2 1 2 1 2 1 2 1 2 1 2 1 2 1 2 2 2 2 2 1 2 1 2 1 2 2 0 0 2 2 0 0 2 2 2 1 2 2 2 2 2 2 0 0 2 2 2 2 2 1 2 2 2 1 2 1 2 2 2 2 1 1 1 1 2 2 2 2 2 2 1 1 2 2 1 1 2 2 2 1 2 1 0 0 2 2 2 1 2 1 2 2 2 1 2 1 2 1 2 1 2 2 2 1 1 1 2 1 2 2 2 2 0 0 2 1 2 1 2 1 2 1 1 1 2 1 2 1 2 1 2 2 2 1 2 1 2 1 2 1 0 0 2 1 2 2 2 2 2 1 2 2 2 1 2 1 2 2 2 1 2 1 2 1 2 2 2 2 2 1 2 2 0 0 2 1 2 1 2 1
O513 0 0 2 1 2 2 2 2 2 2 2 1 2 1 2 2 2 1 2 1 1 1 2 2 2 2 2 2 2 1 2 1 2 1 2 1 1 1 2 1 2 2 2 1 2 2 2 1 2 2 2 2 1 1 0 0 2 1 2 2 2 2 2 2 2 1 0 0 0 0 2 1 2 1 2 2 2 1 2 2 2 1 2 2 2 1 2 1 2 2 2 1 2 1 2 1 0 0 2 1 2 2 2 1 2 1 2 2 2 1 2 2 2 2 0 0 2 2 0 0 2 1 2 1 2 2 2 1 1 1 2 2 2 2 2 2 2 2 2 2 2 2 2 1 2 2 2 2 2 2 2 2 2 2 0 0 2 2 2 1 2 1 2 2 1 1 1 1 2 2 1 1 2 2 2 1 2 2 2 1 2 1 2 1 2 2 2 1 0 0 2 2 2 2 2 1 2 1 2 2 2 2 2 1 2 2 2 1 1 1 2 2 2 2 2 2 2 1 2 2 2 1 2 1 2 2 2 2 2 1 2 2 2 1 2 2 2 1 2 2 0 0 2 1 2 2 2 1 2 1 2 2 2 2 2 1 2 1 2 1 2 2 2 2 1 1 2 2 2 2 2 2 1 1 2 1 2 1 2 1 2 1 2 2 2 2 2 1 2 1 0 0 2 1 2 2 2 1 2 1 2 1 2 1 2 2 2 1 2 1 2 1 0 0 2 1 2 1 0 0 2 1 2 2 2 1 2 1 2 1 2 1 2 2 1 1 2 1 2 2 2 2 2 1 1 1 2 1 2 2 2 2 2 1 0 0 2 1 2 1 2 1 2 2 2 1 2 2 2 2 2 1 2 2 1 1 2 2 2 1 1 1 2 2 2 1 2 1 2 1 2 1 2 1 1 1 1 1 2 2 2 2 2 2 2 2 2 1 2 2 2 1 2 1 2 1 2 2 1 1 2 1 2 1 2 2 2 2 2 2 2 2 2 2 2 1 2 1 2 1 2 1 1 1 2 1 2 1 1 1 2 1 2 1 2 1 2 1 0 0 2 1
O521 2 2 0 0 2 2 0 0 2 2 2 2 2 1 2 1 2 2 2 2 2 1 2 1 2 1 2 2 2 1 2 2 2 1 0 0 1 1 2 1 2 2 2 1 2 2 0 0 2 2 2 2 2 2 2 1 2 1 2 2 2 1 2 2 2 2 2 2 2 1 2 1 2 1 2 2 2 1 2 1 2 1 2 2 2 1 1 1 2 1 2 2 0 0 2 1 2 1 2 1 2 2 0 0 2 2 2 2 2 1 2 1 2 1 2 1 2 1 0 0 2 1 2 2 2 2 2 2 2 1 2 1 2 2 2 2 2 2 1 1 2 2 2 1 2 1 2 2 2 1 2 1 2 1 2 2 2 1 0 0 2 2 2 2 2 1 2 2 2 2 2 1 2 2 2 2 2 1 2 2 2 2 2 1 2 2 2 2 2 1 2 1 2 2 2 2 2 2 2 1 2 2 2 1 2 2 2 2 2 2 2 2 1 1 2 1 2 1 2 1 2 1 2 1 2 1 1 1 2 1 0 0 2 1 2 2 2 2 2 2 2 2 1 1 2 1 1 1 1 1 2 1 2 2 2 1 2 2 2 2 0 0 2 2 2 1 2 2 2 2 2 1 0 0 2 2 2 1 0 0 2 1 2 2 2 2 0 0 2 2 2 2 2 1 2 1 2 1 2 2 2 1 2 1 2 2 2 1 2 2 2 2 2 2 2 1 2 1 2 1 2 1 2 2 2 2 0 0 2 2 1 1 2 2 2 1 2 1 2 2 2 1 2 2 2 2 2 1 2 2 2 2 1 1 2 2 1 1 2 2 2 2 2 2 2 1 2 1 2 1 1 1 2 2 2 1 2 1 2 1 2 1 0 0 2 1 2 1 2 1 2 1 2 2 1 1 2 1 2 1 2 2 2 2 2 2 2 2 2 1 2 2 2 1 2 1 2 1 2 1 2 1 2 1 2 1 2 1 2 1 1 1 0 0 2 1 2 1 2 1 2 1 2 2 2 2 2 2 2 1 2 1 2 1 1 1 2 1 2 1 1 1
O522 2 2 2 1 2 1 2 2 2 2 2 1 2 2 2 2 1 1 2 2 2 1 2 1 2 1 2 2 2 2 2 2 2 1 2 2 2 2 0 0 1 1 1 1 2 2 1 1 2 1 2 1 2 1 2 2 1 1 2 2 2 1 2 1 2 2 2 2 2 2 1 1 2 1 2 2 2 2 2 1 2 2 2 2 2 1 2 2 0 0 2 2 2 2 2 1 2 2 2 1 2 1 2 1 2 2 1 1 1 1 0 0 2 2 2 1 2 2 2 1 2 1 2 1 2 2 2 2 2 2 2 1 2 2 2 2 2 2 2 1 2 2 2 1 2 1 2 1 1 1 2 2 2 1 2 1 2 2 2 1 2 2 2 2 2 2 2 2 2 1 0 0 2 2 2 1 2 1 2 2 2 1 2 1 2 1 2 1 2 1 1 1 2 2 2 2 2 1 2 1 2 1 2 2 0 0 2 1 2 2 2 2 2 1 2 2 2 1 1 1 2 2 2 2 2 1 2 1 1 1 2 1 2 1 2 2 2 2 2 1 0 0 1 1 2 1 2 2 2 1 2 1 2 2 2 1 2 1 2 2 2 1 2 1 2 1 2 2 2 1 1 1 2 2 2 2 2 2 2 1 2 1 2 1 2 1 2 1 2 2 2 1 2 1 1 1 2 1 2 2 1 1 2 1 2 2 2 1 2 1 1 1 2 2 1 1 2 2 2 2 2 1 2 1 1 1 2 2 1 1 2 2 2 2 2 2 0 0 0 0 2 2 2 1 2 1 2 1 2 1 2 2 2 1 0 0 2 2 1 1 2 1 1 1 2 1 2 2 2 1 2 1 2 2 1 1 2 1 2 1 1 1 2 1 2 1 2 1 2 1 2 2 2 2 2 2 2 1 2 1 2 2 2 1 2 2 2 1 2 1 2 2 0 0 2 2 2 1 2 1 1 1 2 1 2 2 2 2 1 1 1 1 2 2 2 1 2 2 2 2 2 1 2 2 0 0 2 2 1 1 2 1 1 1 2 1 1 1 2 1 2 1
O523 2 1 2 1 2 2 2 2 2 1 2 1 2 1 2 1 2 2 2 1 1 1 2 2 2 2 2 2 2 2 2 1 2 1 0 0 2 1 1 1 2 2 2 1 2 2 2 2 2 2 2 2 2 2 2 2 2 1 2 2 1 1 2 2 2 2 2 2 2 1 2 2 1 1 2 1 2 2 2 2 2 1 2 2 2 2 2 2 2 1 2 1 2 1 2 1 1 1 1 1 2 2 0 0 2 2 1 1 0 0 2 2 0 0 2 1 1 1 0 0 2 1 2 1 2 2 2 1 2 1 2 2 2 2 2 1 2 1 2 2 2 1 2 2 2 2 2 1 2 2 2 1 2 2 2 1 2 1 1 1 2 1 2 2 2 2 2 1 2 1 2 1 2 1 0 0 2 2 2 2 2 1 0 0 2 2 2 1 2 2 2 1 2 1 2 1 1 1 0 0 2 1 2 1 2 1 2 2 2 2 2 2 2 1 2 2 2 1 2 2 2 2 2 1 2 2 2 1 1 1 1 1 2 2 2 2 2 2 2 1 2 1 2 2 2 1 2 1 0 0 2 2 2 1 2 2 2 2 2 1 2 1 2 1 2 1 2 2 2 1 2 2 2 2 2 2 0 0 2 2 2 2 2 2 1 1 1 1 2 1 2 1 2 1 2 2 2 2 2 2 2 1 1 1 2 2 2 2 2 1 2 1 2 2 2 2 2 1 1 1 0 0 1 1 2 2 2 1 2 2 2 1 2 1 2 1 2 2 2 1 2 1 2 2 2 1 2 2 2 2 2 2 2 1 2 1 0 0 2 2 2 1 2 1 1 1 2 1 2 1 2 2 2 1 2 1 2 2 2 2 2 2 2 1 2 2 2 2 2 1 2 2 2 2 2 1 1 1 2 1 2 1 2 1 2 2 1 1 2 1 2 1 2 1 2 1 2 2 1 1 2 2 2 1 2 2 2 1 2 2 2 2 2 2 1 1 2 1 2 2 2 2 2 1 2 1 2 1 2 2 2 2 1 1 2 2 1 1 2 1 1 1
O524 2 1 2 1 2 1 2 1 2 1 2 2 2 1 2 2 2 1 2 1 1 1 2 1 2 1 2 2 2 1 2 1 2 1 2 1 2 1 2 1 2 1 2 2 2 2 2 1 2 2 2 1 2 2 2 2 2 1 2 2 1 1 2 2 2 1 2 1 2 1 2 1 2 1 2 1 2 1 2 2 1 1 2 2 2 1 2 2 2 1 2 1 2 1 2 1 2 1 2 1 2 1 2 1 2 2 1 1 2 2 2 2 2 1 2 1 2 1 2 1 2 1 2 1 2 2 2 1 2 1 2 2 2 1 2 1 2 1 2 1 2 1 2 1 2 1 0 0 2 2 2 1 2 2 2 1 2 2 2 1 2 1 2 1 2 1 2 1 2 1 2 1 2 1 2 1 2 1 2 1 2 2 2 2 2 1 2 1 2 2 2 1 2 1 2 1 2 1 2 1 2 1 2 2 2 1 2 1 2 2 2 2 1 1 2 2 2 1 2 2 2 2 2 2 2 1 2 1 1 1 2 1 2 2 2 2 2 1 2 2 2 1 2 1 2 1 2 2 2 1 2 2 2 2 2 1 2 2 2 1 2 1 2 1 1 1 2 2 2 1 2 1 2 1 2 2 2 1 2 2 2 2 2 2 2 2 2 1 2 2 2 1 2 2 2 1 2 1 2 2 2 1 2 1 2 2 2 2 2 1 2 1 2 1 2 2 1 1 2 1 2 1 2 1 2 2 2 1 2 1 2 2 2 2 2 2 2 2 2 1 2 1 2 1 1 1 2 1 2 1 2 1 2 1 2 1 2 1 2 1 2 1 2 1 2 1 2 2 2 2 2 1 2 1 1 1 2 2 2 2 2 1 2 1 2 1 2 1 2 2 2 2 2 2 2 1 2 1 2 2 2 1 0 0 2 2 2 1 2 1 2 1 2 1 2 1 2 2 2 1 2 1 2 1 2 1 2 1 1 1 2 2 2 1 2 1 1 1 2 1 1 1 2 1 2 1 2 1 2 1 2 1 1 1 1 1 1 1 2 2 2 1
O525 2 1 2 1 2 2 2 1 1 1 2 1 2 2 2 2 0 0 2 1 2 1 2 1 2 2 2 2 2 1 2 1 2 2 2 1 1 1 2 1 2 1 2 2 2 2 2 1 2 2 2 2 2 2 2 2 2 1 2 2 2 1 2 2 2 1 2 2 1 1 2 1 1 1 2 2 2 2 2 2 2 1 2 2 2 1 2 1 2 1 2 1 0 0 2 2 2 1 1 1 2 2 2 1 2 2 1 1 2 2 2 2 2 2 2 1 2 1 2 2 2 2 2 2 2 1 0 0 2 1 2 2 2 2 2 2 2 2 2 2 2 2 0 0 2 2 2 2 2 2 2 1 1 1 1 1 2 2 2 1 2 2 2 1 1 1 2 1 2 2 2 2 2 2 2 1 2 2 2 1 2 1 2 2 2 1 2 2 2 2 2 2 2 1 2 1 2 1 2 1 2 1 2 2 2 1 0 0 2 2 2 2 2 1 2 2 2 1 0 0 2 2 2 1 2 1 1 1 2 1 2 1 2 2 2 2 2 1 2 2 2 2 2 2 0 0 2 1 2 1 2 2 2 2 2 2 2 2 2 2 2 2 0 0 2 1 2 2 2 2 2 1 2 2 2 2 2 1 2 2 2 2 2 1 2 1 2 1 2 2 1 1 2 2 2 1 1 1 2 2 1 1 2 1 2 2 2 2 2 1 2 2 2 1 2 1 1 1 2 1 2 1 2 2 2 2 1 1 2 1 1 1 2 2 1 1 2 2 2 2 2 2 2 2 1 1 2 1 2 1 2 1 2 1 0 0 2 2 2 2 2 2 2 1 2 1 2 1 2 1 2 1 2 1 0 0 2 2 1 1 0 0 2 1 1 1 2 1 2 2 2 2 1 1 1 1 1 1 2 2 2 2 2 2 2 2 2 1 2 1 1 1 2 1 2 2 2 1 2 1 1 1 2 1 2 2 0 0 2 2 2 2 2 2 1 1 2 2 2 2 1 1 0 0 1 1 2 2 2 2 2 1 1 1 2 1 1 1 2 2 2 1
O526 2 1 1 1 2 2 2 1 2 2 2 1 2 1 2 1 2 2 2 2 2 1 2 1 1 1 2 1 2 1 2 1 2 1 2 2 2 1 2 1 2 1 2 1 2 2 2 2 1 1 2 1 2 2 2 2 2 2 2 2 2 2 2 1 2 2 2 2 2 2 2 1 2 1 2 2 2 1 2 1 2 1 2 1 2 1 2 1 2 1 2 2 2 2 2 2 2 1 2 2 2 2 2 1 2 2 2 2 2 2 2 1 2 2 2 1 1 1 2 1 2 1 2 2 2 2 2 1 2 1 2 1 2 2 2 2 2 2 2 2 1 1 2 1 2 1 2 2 2 2 0 0 2 1 2 2 2 2 2 1 2 2 2 2 2 1 2 2 2 1 1 1 2 2 2 2 1 1 2 1 2 1 2 1 2 2 2 2 2 1 2 1 2 2 0 0 2 1 2 1 2 1 0 0 2 2 2 1 2 2 2 1 1 1 2 2 1 1 2 1 2 2 2 2 0 0 2 1 2 1 2 1 2 1 2 1 2 2 2 1 2 2 2 1 2 1 2 2 2 1 2 2 2 1 2 2 2 2 2 2 2 2 2 1 2 1 2 1 2 1 2 2 2 1 2 1 2 1 2 1 2 1 2 1 2 2 2 1 2 2 2 1 2 2 2 2 2 1 0 0 1 1 2 2 2 2 2 1 2 1 2 1 2 1 2 1 2 2 2 1 2 1 2 1 2 1 2 1 2 2 2 1 2 1 2 2 1 1 2 1 2 2 2 1 2 2 2 1 2 1 2 2 2 1 2 2 2 1 2 1 2 1 2 2 2 2 2 2 2 2 2 1 2 1 2 1 2 2 2 1 2 1 2 2 2 2 2 1 2 2 2 1 2 2 2 1 2 1 2 1 2 1 2 2 2 2 2 1 2 1 2 2 2 2 2 1 2 1 1 1 2 1 1 1 2 2 2 2 2 2 1 1 2 2 2 1 2 1 2 2 1 1 2 1 2 2 2 1 2 1 2 1 0 0 2 1 1 1 2 2 0 0
O527 0 0 2 2 2 1 2 2 2 1 2 2 2 2 2 2 2 1 2 2 1 1 2 1 2 1 2 2 2 1 2 1 0 0 2 1 1 1 2 1 2 2 2 1 2 2 0 0 2 1 2 2 2 2 0 0 2 1 2 2 1 1 0 0 2 1 0 0 2 2 2 1 2 1 2 1 2 1 2 1 2 1 2 2 2 2 2 2 2 1 2 1 2 1 1 1 1 1 2 1 2 1 2 1 2 2 1 1 2 1 0 0 2 1 2 2 2 2 2 2 2 1 2 1 2 1 2 1 0 0 2 2 2 1 1 1 2 2 2 2 1 1 2 1 2 1 0 0 2 2 2 2 2 2 2 2 2 2 2 2 2 2 2 2 0 0 2 1 2 2 2 1 2 2 2 1 2 1 2 2 2 2 2 2 2 2 2 1 2 2 2 1 0 0 2 2 2 1 2 1 2 1 2 1 2 2 2 1 2 2 2 1 2 2 2 1 2 1 2 2 2 1 2 1 2 1 2 1 2 1 2 2 2 2 2 1 2 2 2 1 2 1 2 1 2 1 2 1 0 0 2 2 2 2 2 2 2 2 2 2 2 1 0 0 2 2 2 1 2 1 2 1 2 1 2 1 2 2 2 1 2 1 0 0 2 2 0 0 1 1 2 1 2 2 2 1 2 1 2 2 2 1 2 1 2 1 2 1 2 2 2 1 2 2 2 1 2 1 2 2 0 0 0 0 2 2 2 1 2 1 2 2 2 2 2 2 2 2 2 2 2 1 0 0 1 1 2 1 2 2 2 2 1 1 2 1 2 1 2 2 2 2 2 2 2 2 2 1 2 1 2 1 2 2 2 1 2 2 1 1 2 1 0 0 2 1 2 1 2 1 2 1 2 2 2 2 2 1 2 2 0 0 2 1 0 0 2 1 2 1 2 2 2 2 2 1 2 1 2 1 2 1 2 1 0 0 2 2 2 1 2 2 0 0 2 1 2 2 2 2 2 1 2 1 2 1 2 1 2 1 2 1 2 1 2 1 2 2 2 2 0 0
O528 2 1 2 1 2 2 2 1 2 1 2 2 2 1 2 2 2 1 2 2 1 1 2 2 2 2 2 2 2 1 2 1 2 2 2 1 1 1 2 1 2 1 2 1 2 1 2 2 2 2 2 1 2 1 2 1 2 2 2 2 2 1 2 1 2 2 2 1 2 2 2 1 1 1 2 1 2 2 2 1 2 2 2 2 2 1 2 1 2 2 2 1 2 2 2 1 2 1 2 1 2 2 2 1 2 1 2 1 2 1 2 2 2 2 2 1 2 1 2 1 2 1 2 1 2 1 2 1 1 1 2 2 2 1 2 2 2 1 1 1 2 2 2 1 2 1 2 2 2 2 2 1 2 1 2 2 2 2 2 1 2 1 2 1 2 1 2 2 1 1 2 1 2 1 2 2 2 1 2 1 2 1 2 2 2 1 2 1 2 1 2 1 2 1 2 1 2 1 2 2 2 2 2 1 2 1 2 1 2 2 2 2 1 1 2 2 2 1 2 1 2 2 2 1 2 1 2 2 2 1 2 1 1 1 2 2 2 2 2 2 2 1 2 1 1 1 2 1 2 1 2 2 2 2 2 1 2 1 2 1 2 1 2 2 2 1 2 2 2 1 2 1 2 1 2 1 2 1 2 1 2 1 2 2 2 1 2 1 2 1 2 2 2 1 1 1 2 1 1 1 2 1 2 1 2 2 2 1 2 2 2 1 2 2 2 1 2 2 2 1 2 1 2 1 2 1 2 1 2 2 2 1 2 1 2 1 2 1 2 2 2 1 2 1 2 1 2 1 2 1 2 2 1 1 2 1 2 1 2 2 2 2 2 1 2 2 2 2 2 2 2 2 2 1 2 1 2 1 2 1 2 1 2 1 2 1 2 2 2 1 2 1 2 2 2 2 1 1 2 1 2 1 2 1 2 2 2 1 2 1 2 1 2 1 2 1 1 1 2 1 2 1 2 1 2 2 2 2 2 2 2 1 2 1 2 1 2 1 2 1 2 1 2 1 2 1 2 1 2 1 2 2 2 1 2 1 2 1 2 1 2 1
O529 2 1 2 1 2 1 1 1 2 1 2 1 2 2 1 1 2 1 2 2 2 1 2 2 2 1 2 2 2 1 2 2 2 1 2 1 2 1 2 2 1 1 2 1 2 2 2 1 2 1 2 2 2 2 2 1 2 1 2 1 2 1 0 0 2 2 2 1 0 0 2 2 2 1 2 1 2 2 2 1 2 2 2 2 2 2 2 2 2 1 2 1 2 1 2 1 2 2 2 2 2 1 0 0 2 2 2 1 2 2 2 1 2 2 2 1 2 1 2 2 2 1 2 1 2 2 2 1 2 1 2 1 2 2 2 1 2 2 2 2 2 2 2 1 2 2 2 1 2 1 2 1 2 1 2 2 2 1 2 1 2 1 2 2 2 1 2 2 2 1 2 1 2 2 2 2 2 1 1 1 0 0 2 1 2 1 2 1 2 1 2 2 2 2 2 1 2 1 2 2 2 1 2 1 2 1 2 2 2 2 2 2 2 1 2 2 2 1 2 1 1 1 2 2 2 1 2 2 2 1 1 1 2 1 2 1 2 1 2 2 2 1 2 1 2 1 0 0 2 1 2 1 2 1 2 1 2 2 2 2 1 1 2 1 2 1 2 1 2 1 2 1 2 1 0 0 2 1 2 1 2 1 2 2 2 2 2 1 2 1 2 1 2 1 2 1 2 1 1 1 1 1 2 2 2 1 1 1 2 1 2 2 2 2 2 2 2 2 0 0 2 1 2 2 2 1 2 2 2 1 2 1 2 2 2 1 2 2 2 1 2 1 2 2 2 1 1 1 2 1 1 1 2 2 2 2 2 1 2 2 1 1 2 2 2 1 2 2 0 0 2 1 2 1 2 1 2 2 2 1 2 1 2 1 2 2 2 1 2 1 2 2 0 0 2 2 2 1 2 2 2 1 2 2 2 2 2 1 2 1 2 1 2 1 2 1 2 1 2 1 2 1 1 1 2 2 2 1 2 2 1 1 2 1 2 1 2 2 2 1 2 1 2 1 2 1 0 0 2 2 2 2 2 1 1 1 2 1 2 2 2 1
O531 2 1 2 1 2 1 1 1 2 2 2 2 2 1 2 2 2 1 2 1 2 1 2 1 2 2 2 2 2 1 2 1 2 2 2 1 2 1 2 1 1 1 2 2 2 2 2 2 2 2 2 2 2 2 2 2 2 2 2 2 2 1 2 1 2 1 2 2 2 2 2 1 1 1 2 1 2 2 0 0 2 1 1 1 2 2 2 2 2 2 0 0 2 2 2 1 2 2 0 0 2 2 2 1 2 2 2 1 2 1 2 2 2 1 2 2 1 1 2 1 2 1 2 2 2 1 1 1 2 1 2 2 2 2 1 1 2 2 0 0 2 1 2 2 1 1 2 1 2 2 2 2 2 1 1 1 2 2 2 2 2 1 2 2 2 2 2 2 2 2 1 1 2 2 2 1 2 2 2 1 2 2 2 1 2 2 2 1 2 1 2 1 2 2 2 1 2 2 2 1 2 1 2 2 2 2 2 2 2 2 2 2 2 1 2 2 2 1 1 1 2 1 2 2 2 1 0 0 2 1 2 1 2 2 2 2 2 2 2 1 2 1 2 2 2 1 2 2 2 1 2 1 2 2 0 0 2 1 2 2 2 2 2 2 2 2 2 1 2 2 2 2 0 0 2 2 2 2 2 2 2 2 2 1 2 2 2 2 0 0 2 2 2 2 0 0 2 1 2 2 1 1 2 1 2 2 2 1 1 1 2 2 2 2 1 1 2 1 2 1 2 2 2 2 2 1 2 2 2 2 2 1 2 2 2 1 2 2 2 2 2 2 2 1 2 2 2 1 2 2 2 1 2 2 0 0 2 2 2 2 2 2 1 1 2 1 0 0 2 1 2 2 2 1 2 1 2 2 1 1 2 1 2 2 2 2 2 2 2 2 2 2 2 2 2 2 0 0 2 2 2 2 2 1 2 1 2 1 2 1 2 2 2 2 2 2 2 1 2 1 1 1 1 1 2 2 2 2 2 2 2 1 2 2 2 1 2 2 2 2 1 1 2 2 2 2 2 1 2 2 2 1 1 1 2 1 2 1 2 2 1 1
O532 2 1 2 1 2 2 2 1 2 1 2 1 2 1 2 1 2 1 2 2 2 1 2 2 2 1 2 2 2 1 2 2 0 0 2 1 2 1 2 1 1 1 2 1 2 2 2 2 2 1 2 1 2 2 2 2 2 2 2 2 2 1 1 1 2 2 2 2 2 2 2 1 1 1 2 1 2 2 2 2 2 1 2 1 2 1 2 2 2 1 2 1 2 1 2 1 2 2 2 1 2 1 2 1 2 2 2 1 1 1 2 1 2 1 2 1 2 1 2 1 2 1 2 2 2 2 2 2 2 2 2 1 2 1 2 1 2 1 1 1 2 1 2 1 2 2 2 2 2 2 2 2 2 2 2 1 2 2 2 1 2 1 2 1 2 1 2 2 2 2 2 2 2 2 2 2 2 2 2 1 2 1 2 2 2 2 2 2 2 1 1 1 2 2 2 2 2 1 2 1 2 1 2 2 2 2 1 1 2 1 2 2 2 1 2 1 1 1 2 2 2 2 2 1 2 1 2 1 2 1 2 1 2 1 0 0 2 1 2 1 1 1 2 1 2 1 2 2 2 1 2 1 1 1 2 1 2 1 2 1 2 2 2 2 2 1 2 2 2 1 2 1 2 1 2 2 2 1 2 2 2 2 2 2 2 1 1 1 2 2 2 2 2 2 0 0 2 1 2 2 1 1 2 1 2 2 2 1 2 1 2 2 1 1 2 1 2 1 2 1 2 2 2 1 2 2 2 2 2 2 2 1 2 2 2 1 2 1 2 1 2 2 2 1 2 2 2 2 2 1 2 2 2 1 2 2 2 1 2 1 2 1 2 2 2 1 2 2 2 2 2 2 2 1 2 1 1 1 2 2 1 1 2 1 2 2 2 1 2 2 2 2 2 2 2 1 1 1 2 1 2 2 2 2 2 1 2 2 2 1 2 2 2 1 2 1 2 1 2 2 2 1 1 1 2 1 2 1 2 2 2 1 2 2 1 1 2 2 2 1 2 2 2 1 1 1 1 1 2 2 2 1 2 1 2 1 1 1 2 1 2 1
O533 2 1 2 1 2 2 2 2 2 2 2 2 2 1 2 2 2 2 2 1 2 2 2 1 2 1 2 2 1 1 2 2 1 1 2 1 1 1 2 2 1 1 2 1 2 2 2 2 2 1 2 2 2 2 2 2 2 2 2 2 1 1 2 1 1 1 2 1 2 2 2 2 0 0 2 1 2 2 2 1 2 1 2 1 2 2 2 2 1 1 2 2 2 1 2 1 2 1 2 1 2 2 2 1 1 1 1 1 2 2 2 1 2 2 1 1 1 1 2 1 2 2 2 2 2 2 2 2 2 1 2 2 0 0 0 0 2 2 1 1 2 2 2 2 2 1 2 1 2 2 2 2 2 2 1 1 2 1 1 1 2 2 2 2 2 1 2 2 2 1 2 1 2 2 2 2 2 1 1 1 2 1 0 0 2 2 0 0 2 1 2 2 2 2 2 2 2 1 2 2 2 2 1 1 2 2 2 2 2 1 2 2 2 2 1 1 2 1 2 2 2 2 0 0 2 1 2 2 2 2 2 2 0 0 2 1 2 1 2 2 2 1 2 2 1 1 2 2 2 1 2 2 2 1 2 2 1 1 2 2 2 2 2 1 2 2 2 2 2 1 2 1 2 2 2 1 2 2 2 1 2 2 2 1 2 1 2 1 2 2 2 1 2 2 1 1 2 1 2 1 1 1 1 1 2 2 1 1 2 2 1 1 2 1 2 1 2 2 2 1 2 1 1 1 2 1 2 2 2 1 1 1 2 2 2 1 2 2 2 1 2 1 0 0 2 2 2 2 2 2 2 2 2 1 0 0 2 1 2 1 2 1 2 2 1 1 2 1 2 1 2 2 0 0 2 1 1 1 2 1 0 0 2 2 2 2 2 2 2 1 2 2 2 2 2 2 2 1 2 1 0 0 0 0 2 2 2 2 0 0 2 2 2 1 2 1 2 1 2 2 2 1 1 1 1 1 1 1 0 0 2 1 2 2 2 2 0 0 2 1 1 1 2 1 2 2 2 2 2 2 2 1 1 1 2 1 0 0 2 2 2 2
O541 2 1 2 1 2 2 2 1 2 2 2 2 2 1 2 2 2 2 2 1 2 1 2 1 2 2 2 2 2 2 2 2 2 1 2 2 2 1 0 0 1 1 2 1 2 2 2 2 2 1 2 1 2 2 2 1 2 2 2 1 2 2 2 1 2 2 2 1 1 1 2 1 2 1 2 1 2 1 2 1 2 1 2 2 2 1 2 1 2 1 2 1 2 1 2 1 2 1 2 1 2 1 2 2 2 2 1 1 1 1 2 1 2 1 2 1 1 1 2 1 2 1 2 2 2 1 2 1 2 1 2 2 2 1 2 2 2 2 1 1 2 2 2 2 1 1 2 1 2 1 2 2 2 2 2 1 2 1 2 2 2 1 2 1 2 1 2 2 2 1 2 1 2 2 2 2 2 1 2 1 2 1 2 1 2 1 2 1 2 1 2 1 2 1 2 1 2 1 2 1 2 1 2 1 2 2 2 1 2 1 2 2 2 1 2 1 2 1 2 2 2 2 2 1 2 1 2 1 2 1 2 1 2 1 2 1 2 1 2 1 2 1 2 1 2 1 2 2 1 1 2 1 2 1 2 1 2 1 0 0 0 0 2 2 2 1 2 1 2 1 2 2 2 1 2 1 2 1 2 2 2 1 2 1 2 1 2 1 1 1 2 2 2 2 2 1 2 1 1 1 1 1 2 1 2 2 2 2 2 1 2 2 2 1 2 1 2 2 2 1 2 2 2 1 2 2 2 1 2 1 2 1 2 2 2 1 2 2 2 2 2 2 2 1 1 1 2 1 2 1 2 2 2 1 2 1 1 1 2 1 2 2 1 1 2 1 2 2 2 1 2 2 2 1 1 1 2 1 2 1 2 1 2 1 2 1 2 2 2 2 2 2 2 2 2 1 2 1 2 1 2 1 2 1 2 2 2 1 2 1 2 1 2 2 2 2 2 2 2 1 2 1 2 1 2 2 2 2 2 1 2 1 2 1 2 1 2 2 2 2 2 1 2 2 2 1 2 1 2 2 2 1 2 1 1 1 1 1 2 1 2 1
O542 2 2 2 1 2 2 2 2 2 2 2 2 2 1 2 2 2 2 2 1 2 1 1 1 2 2 2 2 2 1 2 2 2 2 2 2 2 1 2 1 1 1 2 1 2 2 1 1 2 2 2 2 2 1 2 1 2 1 2 2 1 1 0 0 2 2 2 2 2 1 2 1 2 1 2 1 2 1 2 2 1 1 2 1 2 1 2 1 2 1 2 1 2 1 2 2 2 2 2 1 2 2 1 1 2 2 2 1 2 1 2 1 2 2 2 2 1 1 2 1 2 1 2 2 2 2 2 1 1 1 2 2 2 2 0 0 2 1 1 1 2 2 2 2 2 1 2 2 2 1 2 1 2 2 2 1 2 2 2 2 2 1 2 2 1 1 1 1 2 2 2 1 2 2 0 0 2 2 1 1 2 1 2 1 2 2 2 2 2 1 1 1 2 1 0 0 2 1 2 2 2 1 2 2 0 0 2 2 1 1 2 2 0 0 2 2 2 2 2 1 2 2 2 1 2 1 0 0 2 1 2 1 2 2 2 1 2 2 2 1 2 1 2 1 2 1 2 2 2 2 2 2 2 1 2 1 2 1 2 2 2 2 2 2 2 2 2 1 0 0 2 1 2 1 2 2 2 2 2 1 2 2 2 1 1 1 2 1 2 2 0 0 2 1 2 1 1 1 2 2 2 1 2 1 0 0 2 2 1 1 1 1 2 2 2 2 2 2 2 1 2 2 2 1 2 2 2 1 2 1 2 1 2 2 2 1 2 1 2 2 2 2 2 1 0 0 2 1 2 2 2 2 1 1 2 1 2 1 2 1 2 2 2 1 2 2 1 1 2 1 2 2 2 2 1 1 1 1 2 1 2 1 2 1 2 1 2 1 2 1 0 0 2 2 2 1 0 0 2 2 2 1 2 2 2 2 2 2 2 1 2 2 2 2 2 1 2 1 1 1 2 1 1 1 2 1 2 2 2 2 2 2 2 2 1 1 2 1 2 2 2 1 2 1 2 2 2 1 2 2 2 2 2 1 2 1 1 1 1 1 2 2
O543 2 1 1 1 2 2 2 1 2 2 2 1 2 1 2 1 2 1 2 1 2 1 2 1 2 2 2 2 2 2 2 2 2 2 2 2 2 1 2 1 2 1 1 1 2 2 2 1 2 1 2 1 2 2 2 1 2 1 2 2 2 1 2 1 2 1 2 2 2 1 1 1 0 0 2 1 2 1 2 2 2 1 2 1 2 1 2 2 2 2 2 1 1 1 2 1 2 2 1 1 2 2 2 2 2 2 2 1 2 1 2 2 2 2 2 1 1 1 2 2 2 2 2 1 2 2 2 1 2 1 2 1 2 1 2 2 2 2 2 2 2 1 2 2 2 1 2 1 2 2 2 2 2 1 2 1 2 1 2 2 2 2 2 2 2 1 2 1 2 1 2 2 2 2 2 1 2 1 2 2 2 1 2 1 2 2 2 1 2 2 2 1 2 2 1 1 2 2 2 2 1 1 0 0 0 0 1 1 2 1 2 2 2 1 2 2 2 1 2 1 2 2 2 2 2 1 2 1 2 1 2 1 2 1 2 2 2 2 2 2 2 1 2 1 2 1 2 2 2 1 2 2 2 1 2 1 2 2 2 2 2 1 2 1 2 1 2 2 2 2 2 2 1 1 2 2 2 1 2 2 2 1 2 1 1 1 1 1 2 1 2 1 2 1 2 1 2 1 2 1 2 1 2 2 2 2 2 1 2 1 2 2 2 2 2 1 2 1 0 0 2 1 2 2 2 2 0 0 2 1 2 2 2 2 2 1 2 2 2 2 2 2 2 1 2 1 2 1 2 2 2 2 2 2 2 2 2 1 2 2 2 1 2 1 2 1 2 2 2 2 2 2 2 2 2 1 2 1 2 2 2 1 2 2 2 1 2 1 2 2 2 2 2 2 2 2 2 1 2 1 2 2 2 2 2 2 2 2 2 1 2 2 2 1 2 2 2 1 1 1 2 1 2 1 2 1 2 1 2 2 2 2 2 1 2 1 2 2 2 2 2 1 2 2 2 2 2 1 2 2 2 2 2 1 1 1 2 2 2 2 2 2
O551 2 1 0 0 2 2 2 1 2 1 2 2 2 1 2 1 1 1 2 1 2 1 2 1 2 1 2 2 2 1 2 2 2 1 2 1 2 1 2 1 2 2 2 1 2 2 2 2 2 2 2 1 2 1 2 1 2 2 2 2 2 1 2 1 2 2 2 1 2 1 2 1 2 1 2 2 2 1 2 2 2 1 2 2 2 1 2 1 2 1 2 2 2 1 2 1 2 1 2 1 2 1 2 2 2 2 1 1 2 1 2 1 2 1 2 1 2 1 2 1 2 1 2 1 2 1 2 1 2 1 2 1 2 1 2 1 2 2 2 1 2 1 2 1 2 1 2 1 2 2 2 2 2 2 2 1 2 1 2 2 2 1 2 2 2 1 2 1 2 1 2 1 2 1 2 2 2 1 2 1 2 1 2 1 2 2 2 1 2 2 2 1 2 1 2 1 2 1 2 1 2 1 2 1 2 1 2 1 2 1 2 2 2 1 2 1 2 1 2 1 2 1 2 1 2 1 2 1 2 1 2 2 2 1 2 2 2 2 2 1 2 1 2 1 2 1 2 2 2 1 2 1 2 1 2 1 2 2 2 1 2 2 2 2 2 1 2 2 2 2 2 1 2 1 2 1 2 1 2 2 2 1 2 1 2 1 2 1 2 2 2 1 2 1 1 1 2 1 2 2 2 1 2 1 2 2 2 1 2 1 2 2 2 1 2 2 2 1 2 1 2 1 1 1 2 1 2 1 2 1 2 2 2 2 2 1 1 1 2 2 2 1 2 1 2 2 2 2 2 1 2 1 2 1 2 2 2 1 2 2 2 1 2 2 2 1 2 2 2 1 2 1 2 2 1 1 2 1 2 2 2 1 2 1 2 2 2 1 2 1 2 2 1 1 2 1 2 1 2 1 2 1 2 2 2 2 2 1 2 2 2 1 2 1 2 1 2 1 2 1 2 1 2 2 2 1 1 1 2 1 2 2 2 1 2 1 2 1 2 1 2 1 2 1 1 1 2 2 2 2 2 2 2 1 2 1 2 1 2 1 1 1
O552 2 2 2 1 2 2 2 2 2 2 2 1 2 1 2 1 2 1 0 0 2 1 2 1 2 2 2 2 0 0 2 1 2 1 2 2 1 1 2 1 2 1 2 1 2 2 2 1 2 2 2 2 2 2 2 2 2 1 2 2 2 1 2 2 1 1 2 1 2 2 2 1 2 2 2 2 0 0 2 2 2 1 2 2 2 2 2 1 0 0 0 0 2 2 1 1 2 2 0 0 2 2 2 1 0 0 2 1 2 1 2 1 1 1 2 1 2 2 2 2 2 1 2 1 2 2 0 0 2 1 2 2 2 1 2 2 2 2 1 1 2 2 2 2 2 1 2 1 1 1 2 2 2 2 2 2 2 2 1 1 2 2 2 2 0 0 2 1 2 2 2 1 2 1 2 1 2 2 2 1 1 1 2 2 2 2 2 2 2 2 2 2 2 2 2 2 0 0 2 2 2 1 2 2 2 2 1 1 1 1 2 2 2 1 2 2 2 1 2 2 2 2 2 1 2 1 2 2 1 1 2 2 2 2 2 2 2 2 2 2 2 1 2 1 2 1 2 2 1 1 2 2 2 1 2 2 2 2 2 2 2 2 2 2 1 1 2 2 2 2 2 2 2 1 2 2 2 1 2 2 0 0 2 2 2 2 1 1 2 1 2 2 2 1 2 1 2 1 1 1 2 1 2 1 2 2 2 2 1 1 1 1 2 2 2 1 2 1 1 1 2 2 2 2 2 2 2 2 2 1 2 1 2 1 2 2 0 0 2 2 2 2 2 1 2 1 2 2 2 2 2 2 2 2 2 2 2 2 2 2 2 2 2 2 2 1 2 2 1 1 2 2 2 1 2 1 2 2 0 0 0 0 2 2 2 1 2 1 2 1 2 2 2 2 2 2 1 1 1 1 2 2 2 1 2 2 2 2 2 1 2 2 2 2 0 0 2 1 2 1 2 1 2 1 2 1 2 1 2 1 0 0 2 1 0 0 2 2 2 1 2 1 2 2 0 0 2 2 2 2 0 0 2 1 2 1 2 2 2 2 2 1
O553 2 1 2 1 2 2 2 1 2 2 1 1 2 2 2 2 2 2 1 1 2 1 2 2 2 1 2 2 2 1 2 2 2 2 2 2 1 1 2 2 2 1 1 1 2 2 2 2 2 2 2 2 2 2 2 2 0 0 2 2 2 1 2 1 2 2 2 2 1 1 2 1 1 1 2 2 2 2 2 1 0 0 2 2 2 2 2 2 2 1 2 1 0 0 2 1 2 2 2 1 2 1 2 1 1 1 1 1 2 1 2 2 2 2 1 1 2 2 2 1 2 1 2 2 2 2 2 1 2 1 2 1 2 2 2 2 2 2 2 1 2 1 2 2 2 2 2 2 2 2 2 2 2 1 2 2 2 1 2 1 2 2 2 1 2 1 2 2 2 1 2 2 2 1 2 1 2 1 2 1 2 1 2 2 2 2 1 1 2 1 2 1 2 1 0 0 2 1 2 1 2 1 2 2 2 1 1 1 2 1 2 2 2 1 2 2 2 1 2 2 2 1 2 2 2 2 2 1 1 1 2 2 2 1 2 2 2 1 2 1 2 1 2 1 2 2 1 1 2 2 2 2 2 1 2 2 2 1 2 2 2 1 2 1 2 1 2 1 2 1 2 2 2 2 2 2 2 1 2 1 2 2 2 2 2 2 2 1 2 2 2 1 2 1 1 1 1 1 2 1 2 2 2 2 2 2 2 1 1 1 2 1 2 2 2 1 2 2 1 1 2 2 2 2 2 2 2 2 2 1 2 1 2 2 0 0 2 2 2 1 0 0 2 1 2 1 2 1 2 1 2 1 2 1 2 2 2 2 2 1 2 1 2 1 2 1 2 2 2 1 2 1 2 2 0 0 1 1 2 1 1 1 2 2 2 2 2 2 2 2 2 2 0 0 2 1 0 0 2 2 2 2 1 1 2 2 2 1 2 1 2 1 2 1 2 2 0 0 0 0 2 1 2 1 2 1 2 1 2 2 1 1 2 1 0 0 2 1 2 1 2 1 2 1 2 2 2 2 2 2 2 2 2 2 2 1 2 2 2 2 2 1
O554 2 2 2 1 2 2 2 1 2 1 0 0 2 2 2 1 2 2 2 1 2 1 1 1 2 1 2 1 2 1 2 1 2 1 2 2 2 1 2 1 2 1 2 1 2 2 1 1 2 2 2 2 2 1 2 2 2 1 2 2 2 1 2 1 2 1 2 2 2 2 2 1 0 0 2 2 2 1 2 2 1 1 2 1 2 1 2 1 2 1 2 2 1 1 2 2 2 1 2 1 2 2 2 1 2 1 2 1 2 1 2 1 2 1 1 1 1 1 2 1 0 0 2 1 2 2 2 1 2 1 2 2 2 2 2 2 2 2 1 1 2 1 2 1 2 1 2 1 1 1 2 2 2 2 2 2 2 1 2 1 2 1 2 2 1 1 2 2 2 1 2 1 2 1 2 2 2 1 2 2 2 1 0 0 2 1 2 1 2 2 2 1 2 2 2 2 2 1 2 1 2 1 2 2 2 1 2 1 2 2 2 2 2 1 0 0 2 1 2 1 2 1 1 1 1 1 2 2 2 1 2 1 2 1 1 1 2 1 2 2 2 2 1 1 2 1 2 1 1 1 2 2 2 2 1 1 2 1 2 1 2 2 2 1 2 2 2 2 2 1 2 1 2 2 2 2 2 2 2 1 2 1 2 1 2 2 0 0 2 2 2 2 2 1 2 1 2 1 2 1 2 2 1 1 2 2 2 1 2 1 2 2 2 1 2 2 2 2 2 2 2 2 2 2 2 2 1 1 2 2 2 1 2 1 2 2 2 2 2 2 2 2 1 1 2 1 2 2 2 2 2 2 2 2 2 1 2 2 2 1 2 2 2 1 2 1 0 0 2 2 2 2 2 2 2 1 2 1 2 1 1 1 2 2 2 1 2 1 2 2 2 2 2 2 2 1 2 1 2 2 2 2 0 0 2 2 2 1 2 1 2 1 2 1 1 1 2 1 1 1 2 1 1 1 2 1 2 1 2 2 2 1 2 1 1 1 2 1 2 1 1 1 2 1 1 1 2 1 2 2 2 1 1 1 2 1 0 0 2 2 2 1
O561 2 2 1 1 2 1 2 2 2 2 2 2 2 1 2 2 0 0 2 2 0 0 2 2 0 0 2 2 2 2 0 0 2 2 2 1 2 1 0 0 1 1 2 2 2 2 2 2 0 0 1 1 2 2 2 2 2 2 2 2 2 1 2 2 2 2 2 2 0 0 0 0 2 1 1 1 2 1 2 2 0 0 2 2 0 0 0 0 0 0 0 0 2 2 2 2 2 2 0 0 0 0 0 0 1 1 2 1 0 0 1 1 2 2 1 1 0 0 0 0 2 1 2 1 0 0 2 2 2 1 2 2 2 2 2 2 2 1 1 1 1 1 2 2 0 0 2 2 2 2 2 2 2 1 2 2 2 2 1 1 1 1 2 2 2 1 2 2 2 2 2 1 2 2 0 0 2 1 0 0 0 0 2 1 2 1 0 0 1 1 2 2 2 1 2 2 1 1 2 1 2 2 0 0 2 1 0 0 2 1 2 1 2 2 0 0 1 1 2 2 0 0 0 0 0 0 2 1 2 1 2 1 1 1 2 2 0 0 2 2 2 2 0 0 1 1 0 0 2 2 2 2 2 1 2 1 0 0 2 2 0 0 2 1 2 1 0 0 2 2 2 1 2 1 0 0 2 2 2 1 2 2 2 2 2 2 2 1 2 2 2 1 2 1 0 0 2 2 0 0 0 0 2 1 2 2 2 2 0 0 2 2 2 2 2 1 0 0 0 0 2 2 2 2 0 0 2 2 0 0 2 1 2 2 1 1 2 2 2 2 2 2 0 0 2 2 2 2 2 2 2 2 1 1 0 0 2 2 2 2 0 0 2 2 0 0 2 2 2 1 2 1 0 0 1 1 2 2 2 2 1 1 2 1 2 2 2 2 2 2 2 1 2 2 0 0 1 1 2 2 2 1 2 2 2 2 2 2 1 1 0 0 0 0 2 2 2 1 1 1 1 1 0 0 2 2 2 2 0 0 1 1 2 2 2 2 2 1 1 1 2 1 0 0 2 1 0 0 0 0 0 0 1 1 1 1 0 0 1 1 2 2
O562 2 1 2 2 2 2 2 2 2 2 2 2 2 2 2 1 2 1 2 2 1 1 2 1 2 1 2 2 0 0 2 2 2 2 2 1 2 1 2 2 1 1 2 1 2 2 2 1 2 1 2 2 2 1 2 2 2 2 2 2 2 1 2 1 0 0 2 2 0 0 1 1 2 2 2 1 2 1 2 1 2 1 2 2 2 1 2 2 2 1 2 1 2 1 2 2 2 1 1 1 2 1 2 2 2 2 1 1 2 1 2 1 2 2 1 1 2 1 2 1 2 1 2 1 2 1 2 1 2 1 2 1 2 1 2 1 2 2 2 2 2 1 2 2 2 2 2 1 2 1 2 1 2 2 2 1 2 2 2 1 2 1 2 2 2 1 2 2 2 1 2 1 2 2 2 2 2 2 2 2 2 2 2 2 2 1 2 1 2 2 2 1 2 2 2 1 2 1 2 1 2 1 2 1 2 1 0 0 2 2 2 1 2 1 2 2 2 1 2 1 2 2 2 1 2 1 2 2 1 1 2 2 2 1 2 2 2 2 2 1 2 1 2 1 2 1 2 2 1 1 2 1 2 1 2 1 2 2 2 2 2 1 2 1 2 1 2 2 2 1 2 1 2 1 0 0 2 2 2 1 2 1 2 1 2 2 1 1 1 1 2 1 2 1 2 1 2 1 2 1 1 1 1 1 2 2 2 1 2 2 2 2 2 2 2 1 2 1 2 2 2 1 1 1 2 1 2 2 0 0 2 1 2 2 2 2 2 2 2 1 2 1 2 1 2 2 2 2 2 1 2 2 1 1 2 2 2 2 2 1 1 1 2 1 2 2 2 1 2 2 2 1 2 2 2 1 2 2 2 1 2 1 2 2 2 1 2 1 2 1 2 2 2 2 2 2 1 1 2 2 2 1 2 1 2 2 2 1 2 1 2 2 2 1 2 1 2 1 2 1 2 1 2 2 2 1 2 1 2 1 2 1 2 2 2 1 2 2 2 2 2 2 2 1 1 1 2 2 2 1 2 1 1 1 1 1 2 1 2 1 1 1
O563 2 1 2 1 2 1 2 1 2 1 2 2 2 2 0 0 2 1 2 1 1 1 2 2 2 1 2 1 1 1 0 0 2 1 2 1 2 1 2 2 2 1 2 1 2 2 2 1 2 1 2 2 2 1 2 2 2 2 2 2 1 1 2 1 2 2 2 1 2 2 2 2 2 1 2 2 2 1 2 1 1 1 0 0 1 1 0 0 2 1 2 1 2 1 2 1 1 1 1 1 1 1 2 2 2 2 2 1 0 0 2 1 2 2 2 1 2 2 1 1 2 1 2 1 2 2 2 2 2 1 2 2 2 1 2 2 2 2 2 1 2 1 2 2 2 1 2 1 2 2 2 2 2 1 2 1 2 1 0 0 2 1 2 1 1 1 2 2 2 2 2 1 2 2 0 0 2 2 2 1 2 1 2 1 2 1 2 1 2 1 2 1 2 1 2 2 2 2 2 1 2 1 2 1 2 1 0 0 2 1 2 1 2 1 2 2 2 1 2 1 0 0 2 2 2 1 2 1 2 1 2 1 2 1 2 2 2 2 2 1 2 1 2 1 2 2 0 0 2 1 2 2 2 1 2 1 2 2 2 1 1 1 2 1 2 1 2 1 2 2 2 2 2 1 0 0 2 1 2 1 2 2 2 2 2 1 1 1 2 2 2 1 2 1 2 1 2 1 2 1 2 1 2 2 2 2 0 0 2 1 2 2 2 1 2 2 1 1 2 2 2 1 2 1 2 1 2 2 0 0 2 2 2 2 2 1 2 2 2 1 2 2 2 2 2 2 2 2 2 1 2 2 2 1 2 2 2 2 2 1 0 0 2 1 2 1 2 2 2 1 2 1 2 1 2 1 1 1 2 2 2 1 2 1 2 2 2 2 2 1 2 1 2 1 2 1 1 1 2 1 2 1 2 2 2 1 2 1 2 1 2 1 2 1 2 1 2 1 1 1 2 2 2 2 2 1 2 1 2 1 2 1 2 1 2 1 2 1 2 1 2 1 2 1 2 1 2 2 2 1 2 2 2 1 1 1 2 2 2 1 1 1
O564 2 1 2 1 2 2 2 1 2 2 2 2 2 2 2 1 2 2 0 0 1 1 2 1 2 1 2 2 2 2 2 1 2 2 2 1 1 1 2 1 2 1 2 1 0 0 2 1 2 1 2 2 2 1 2 2 2 2 2 1 2 1 2 2 2 1 2 1 2 1 2 1 0 0 2 2 0 0 1 1 2 2 2 2 2 2 2 1 2 1 2 1 2 1 2 1 2 1 2 1 2 2 2 1 2 2 2 1 2 2 2 1 2 2 1 1 2 1 2 2 0 0 2 2 2 2 2 2 2 2 2 2 2 1 0 0 2 2 2 2 2 1 2 2 2 2 0 0 2 2 1 1 2 1 2 1 2 2 1 1 2 2 2 1 2 1 2 2 2 2 2 1 2 2 2 1 2 2 2 1 2 2 2 2 2 2 2 1 2 2 2 1 2 1 2 1 2 1 2 2 2 1 2 2 2 2 0 0 2 2 2 1 2 1 2 2 1 1 2 2 2 1 2 2 0 0 2 1 2 1 2 1 2 2 0 0 2 1 1 1 2 2 2 1 2 1 2 2 2 2 2 2 2 2 2 2 2 1 2 2 2 1 2 1 2 1 2 2 2 2 2 2 2 2 2 1 2 2 2 1 2 2 2 1 2 1 2 1 0 0 2 1 2 1 1 1 2 1 2 1 2 1 0 0 2 2 2 1 2 2 2 2 2 1 2 2 2 1 2 1 2 1 1 1 2 1 2 2 2 1 2 1 2 1 2 2 2 1 2 1 2 2 2 2 2 2 2 2 1 1 2 2 2 2 2 2 2 2 2 2 2 1 2 2 2 2 2 1 2 2 2 1 2 2 2 1 2 2 2 1 0 0 2 1 2 1 0 0 1 1 2 2 2 2 2 2 1 1 0 0 2 1 1 1 2 2 1 1 2 1 2 2 1 1 2 2 2 2 1 1 2 2 1 1 2 1 2 1 0 0 2 1 2 1 2 1 2 2 0 0 2 1 2 2 0 0 2 1 2 2 2 2 2 1 2 1 1 1 1 1 2 1
O565 2 2 2 2 0 0 0 0 2 2 0 0 2 2 2 2 0 0 2 2 0 0 2 2 2 1 2 2 2 2 0 0 2 2 2 2 0 0 2 2 0 0 0 0 0 0 2 2 0 0 2 2 2 2 2 2 0 0 0 0 0 0 2 2 2 2 2 2 2 2 2 1 0 0 0 0 2 2 2 2 0 0 0 0 2 2 2 2 0 0 0 0 2 2 2 2 2 2 0 0 1 1 2 2 0 0 0 0 0 0 0 0 0 0 0 0 0 0 2 2 0 0 2 2 2 2 2 2 2 2 0 0 0 0 0 0 0 0 0 0 0 0 2 2 1 1 0 0 0 0 0 0 0 0 0 0 2 2 2 2 0 0 0 0 1 1 0 0 2 2 2 2 0 0 2 1 0 0 0 0 2 2 2 2 2 2 2 2 2 2 1 1 2 1 2 2 2 1 2 2 0 0 0 0 2 2 2 2 2 2 0 0 0 0 2 2 1 1 0 0 1 1 0 0 2 2 2 2 0 0 0 0 2 2 2 2 2 2 0 0 0 0 1 1 1 1 2 2 2 2 0 0 2 2 2 2 0 0 0 0 2 2 2 2 0 0 2 2 2 2 2 2 0 0 0 0 2 2 2 2 0 0 0 0 0 0 0 0 0 0 0 0 2 2 2 2 2 2 2 2 0 0 0 0 0 0 0 0 2 1 2 2 0 0 2 2 0 0 2 2 2 2 0 0 2 2 2 2 1 1 0 0 0 0 0 0 0 0 1 1 0 0 0 0 2 2 2 2 2 2 0 0 2 2 2 2 1 1 2 2 2 2 0 0 2 2 2 2 0 0 2 2 0 0 0 0 2 2 0 0 0 0 0 0 0 0 1 1 0 0 2 2 2 2 0 0 2 1 0 0 0 0 0 0 0 0 2 2 0 0 0 0 2 2 0 0 2 2 1 1 2 2 2 2 2 2 2 2 2 2 2 2 2 2 2 2 0 0 2 2 2 2 0 0 0 0 2 2 0 0 2 2 2 1 2 1 0 0 2 2 1 1

0  0     !prob. of dad/mum included in the candidates
0  0       !numbers of candiadte males & females
0  0          !#known fater-offspring dyads, paternity exclusion threshold
0  0          !#known moter-offspring dyads, maternity exclusion threshold
0             !#known paternal sibship with unknown fathers
0             !#known maternal sibship with unknown mothers
0             !#known paternity exclusions
0             !#known maternity exclusions
0             !#known paternal sibship exclusions
0             !#known maternal sibship exclusions
