'adult_snps'  !Dataset name
'adult_colony'  !Output file name
53         ! Number of offspring in the sample
212        ! Number of loci
100        ! Seed for random number generator
0          ! 0/1=Not updating/updating allele frequency
2          ! 2/1=Dioecious/Monoecious species
0          ! 0/1=No inbreeding/inbreeding
0          ! 0/1=Diploid species/HaploDiploid species
0  0       ! 0/1=Polygamy/Monogamy for males & females
0          ! 0/1=Clone inference =No/Yes
0          ! 0/1=Full sibship size scaling =No/Yes
0          ! 0,1,2,3=No,weak,medium,strong sibship size prior; mean paternal & meteral sibship size
0          ! 0/1=Unknown/Known population allele frequency
1         ! Number of runs
2         ! Length of run
0         ! 0/1=Monitor method by Iterate#/Time in second
100000    ! Monitor interval in Iterate# / in seconds
0         ! non-Windows version
1         ! Fulllikelihood
3         ! 1/2/3=low/medium/high Precision for Fulllikelihood

V@        !Marker names
0@        !Marker types, 0/1 = codominant/dominant
0.000@    !Allelic dropout rate  
0.0001@   !false allele rate

O291 2 1 2 2 2 1 2 2 2 1 1 1 2 2 1 1 2 2 2 2 2 2 2 1 2 2 2 2 2 1 2 2 2 2 2 2 2 2 2 1 2 1 2 2 2 2 2 2 1 1 1 1 2 1 2 1 2 2 2 1 2 2 2 2 1 1 2 1 2 2 2 2 2 1 2 2 1 1 2 2 2 1 2 1 2 2 2 2 2 1 2 2 2 2 2 2 1 1 2 1 1 1 1 1 2 2 2 1 2 2 2 2 2 2 2 1 2 1 2 2 2 1 2 2 1 1 2 2 2 2 2 1 2 1 2 2 2 2 2 2 2 1 2 2 2 1 2 2 2 1 2 2 2 1 2 1 2 1 2 2 2 2 2 1 2 1 1 1 2 2 2 2 2 2 2 2 2 2 2 1 1 1 2 1 2 1 2 2 2 2 2 1 1 1 2 1 2 2 2 2 2 1 2 1 2 2 2 2 1 1 2 1 2 1 2 2 1 1 1 1 1 1 2 2 2 2 2 2 2 1 1 1 2 1 2 1 2 1 2 2 2 1 2 1 2 1 2 1 2 2 2 2 2 1 2 1 2 2 2 2 2 1 2 2 1 1 1 1 2 2 2 1 1 1 2 2 2 2 2 2 1 1 2 2 2 2 2 1 2 2 2 2 2 2 2 2 2 2 2 2 2 2 2 2 1 1 1 1 2 1 2 2 2 2 2 2 2 1 2 1 2 2 1 1 2 2 1 1 2 1 1 1 2 1 2 2 2 2 2 2 2 1 2 1 2 1 2 2 2 2 2 2 2 2 2 1 2 2 2 1 1 1 2 1 2 2 2 2 2 1 1 1 2 1 2 2 2 1 2 2 2 1 2 2 2 1 2 1 2 2 2 1 2 2 2 1 2 1 2 1 2 2 2 2 2 1 2 1 1 1 2 2 2 1 2 2 2 2 2 1 2 2 2 1
O292 2 2 2 2 1 1 1 1 2 1 1 1 2 2 2 2 1 1 2 1 1 1 2 2 2 2 2 2 1 1 2 2 2 1 2 2 2 2 2 2 2 2 2 2 2 1 2 2 2 2 2 2 2 2 2 1 1 1 2 2 1 1 2 2 2 1 2 2 2 1 2 1 2 1 2 1 1 1 2 2 2 1 2 2 2 2 1 1 2 2 2 2 2 2 2 1 2 2 1 1 2 1 2 1 2 2 2 2 2 1 2 1 2 2 2 2 2 1 2 1 1 1 2 1 2 2 2 2 2 2 2 1 2 2 1 1 2 1 2 2 1 1 2 2 2 2 1 1 2 1 2 2 2 2 2 2 2 1 2 2 2 2 2 2 2 2 1 1 2 2 2 1 2 2 2 2 2 2 2 2 2 2 2 2 2 1 1 1 2 1 2 2 1 1 2 2 1 1 2 1 1 1 2 2 1 1 2 2 2 2 2 2 2 2 2 2 2 1 2 2 2 2 2 2 1 1 2 1 2 2 2 1 2 2 2 1 2 2 2 2 1 1 1 1 2 2 2 2 2 1 2 2 1 1 2 2 2 1 2 2 2 2 2 2 1 1 2 2 2 2 2 2 2 2 2 1 2 2 2 2 2 1 2 1 1 1 2 1 2 2 2 2 2 2 1 1 1 1 1 1 2 2 1 1 2 1 2 2 2 2 2 1 1 1 2 2 2 2 1 1 2 2 1 1 2 2 2 2 2 2 2 2 2 1 2 2 2 2 2 2 2 1 2 2 2 1 2 1 1 1 2 1 1 1 2 1 2 2 2 1 2 1 2 2 2 2 2 2 1 1 2 2 1 1 1 1 2 1 1 1 2 2 2 1 2 2 2 2 2 2 2 2 2 1 2 2 1 1 2 2 2 2 2 2 2 1 2 2 2 2 2 2 2 2 1 1 1 1 2 2 2 2 2 2
O293 2 2 2 1 2 1 2 1 2 2 2 2 2 2 1 1 2 2 2 1 2 2 2 1 2 2 2 2 2 2 2 1 1 1 2 2 2 2 2 2 2 1 2 1 2 2 2 2 2 2 2 1 2 2 2 2 2 2 1 1 2 2 2 2 2 2 2 1 2 2 2 1 1 1 2 1 1 1 2 2 2 1 2 1 1 1 2 1 2 2 2 1 2 1 2 2 2 2 1 1 2 2 2 1 2 1 2 2 1 1 1 1 2 2 2 2 2 2 2 2 2 2 2 2 2 1 2 2 2 2 2 1 1 1 2 1 2 2 2 2 2 2 2 2 2 1 2 2 2 1 1 1 2 1 2 1 1 1 2 2 2 2 2 1 1 1 2 1 1 1 2 2 2 2 2 2 2 1 2 1 1 1 2 2 1 1 2 1 2 2 1 1 1 1 2 1 2 1 2 1 2 2 2 2 1 1 2 1 2 1 2 1 2 2 2 2 2 2 1 1 2 1 2 1 2 2 2 2 2 2 2 2 2 2 1 1 2 1 2 2 2 2 1 1 2 1 2 1 2 1 2 1 2 1 2 1 2 1 2 1 2 2 2 2 2 1 2 1 2 2 1 1 1 1 2 2 2 2 2 1 1 1 2 1 2 2 2 1 2 1 2 2 1 1 2 2 2 2 1 1 2 2 2 1 2 1 1 1 2 2 2 2 1 1 2 2 2 1 1 1 2 2 1 1 2 2 1 1 2 1 1 1 2 2 2 2 2 2 1 1 2 2 1 1 2 2 2 2 2 1 2 1 2 2 2 2 2 2 2 1 2 1 1 1 2 2 2 2 2 1 2 1 2 1 2 2 2 2 2 2 1 1 1 1 2 1 2 1 2 2 1 1 2 2 2 1 2 2 2 1 2 2 2 1 2 2 2 2 2 2 2 2 2 2 2 1 2 2 2 2 2 2 2 1
O294 2 2 2 1 2 1 1 1 1 1 2 2 2 2 2 1 2 2 2 1 2 2 2 2 2 2 2 2 1 1 2 1 2 1 2 2 2 2 2 1 2 1 2 2 2 2 2 2 2 2 2 2 2 2 2 1 2 2 2 1 2 1 2 2 2 2 2 2 2 2 2 1 2 1 1 1 2 1 2 2 2 1 1 1 1 1 1 1 2 2 2 2 2 2 2 2 2 1 2 1 2 2 2 1 2 2 2 2 2 2 2 1 2 2 2 1 2 2 2 2 2 1 2 1 2 2 2 2 2 1 2 1 1 1 2 1 2 2 2 2 2 1 2 2 2 1 2 2 1 1 1 1 2 2 2 1 1 1 2 2 2 2 1 1 2 1 2 1 2 2 2 2 2 2 2 1 2 2 2 2 2 1 2 1 1 1 2 1 2 2 2 1 1 1 1 1 2 1 2 1 2 2 1 1 2 1 1 1 1 1 2 2 2 2 2 2 2 2 1 1 2 2 2 1 2 2 2 2 2 2 1 1 2 1 2 1 2 1 1 1 2 2 2 2 2 1 2 2 2 1 2 2 1 1 2 1 2 2 2 1 2 1 2 2 2 2 2 1 2 2 1 1 2 1 2 1 2 2 2 1 1 1 2 2 2 2 1 1 2 2 2 2 1 1 2 1 1 1 2 1 2 1 1 1 1 1 2 1 2 1 2 2 1 1 2 1 2 1 1 1 2 1 1 1 2 2 1 1 1 1 1 1 2 1 2 2 2 2 2 1 2 1 2 2 2 2 2 1 2 1 2 1 2 2 2 1 2 1 1 1 2 2 2 2 2 2 2 2 2 1 2 2 2 1 2 1 2 2 2 2 1 1 1 1 2 1 2 1 2 2 1 1 2 2 2 1 2 1 2 1 2 2 2 1 2 2 2 2 2 2 2 2 2 1 2 1 2 2 2 1 2 1 2 1
O295 2 2 1 1 2 2 2 1 2 1 2 2 1 1 2 1 2 1 2 1 2 2 1 1 2 2 2 2 2 2 2 2 2 1 2 1 2 2 2 2 2 2 2 2 2 2 2 2 2 1 2 1 2 1 2 1 2 2 1 1 2 2 2 1 2 2 1 1 2 2 2 1 2 1 2 2 2 2 2 2 2 2 1 1 2 1 1 1 2 1 2 2 2 2 2 1 2 1 2 1 1 1 2 2 2 2 2 2 2 1 2 1 2 2 2 2 1 1 2 2 2 1 2 1 2 2 2 1 2 2 1 1 1 1 2 2 2 2 2 2 2 1 1 1 2 2 2 2 2 2 2 2 2 1 2 1 1 1 2 2 2 2 2 1 1 1 1 1 2 2 2 2 2 1 2 2 1 1 2 1 1 1 2 2 2 1 2 2 2 2 2 2 1 1 1 1 2 2 2 2 2 2 1 1 2 2 1 1 2 1 2 1 2 2 2 1 2 1 2 2 2 2 2 1 2 2 2 2 2 2 2 1 1 1 1 1 2 1 2 2 2 2 1 1 2 1 2 1 2 2 2 2 2 1 2 2 2 1 2 2 2 1 2 2 1 1 2 1 2 2 1 1 2 2 2 1 1 1 2 2 1 1 2 1 1 1 2 2 2 2 2 2 2 1 2 2 2 1 2 1 2 1 2 2 2 1 1 1 1 1 2 1 1 1 2 2 2 2 1 1 1 1 1 1 2 2 2 2 1 1 2 1 2 2 2 2 2 2 2 1 2 2 2 2 2 2 2 1 2 2 1 1 2 1 2 1 2 1 2 2 2 1 1 1 2 2 2 2 2 1 1 1 2 1 2 1 2 1 2 1 2 2 2 2 2 2 2 1 1 1 2 2 2 2 2 2 2 2 2 1 2 2 2 2 2 2 2 2 2 2 2 1 2 2 2 1 2 2 2 1 2 2 2 2
O296 2 2 2 1 2 1 2 1 2 1 1 1 2 1 2 2 2 2 2 1 2 2 2 2 2 1 2 2 1 1 2 1 2 1 2 1 2 1 2 2 2 2 2 2 2 1 2 1 2 2 2 1 2 2 2 1 2 1 2 2 2 2 2 1 2 2 2 2 1 1 2 1 2 1 2 2 2 1 2 1 2 1 2 1 2 2 1 1 2 2 1 1 2 1 2 2 2 2 1 1 1 1 2 1 2 2 2 2 2 1 2 2 2 2 2 2 2 1 2 1 1 1 2 1 2 2 2 2 2 1 2 1 2 1 2 2 2 1 2 2 2 1 2 2 2 1 2 1 2 1 2 1 2 2 2 1 2 1 1 1 2 2 2 2 1 1 2 1 2 2 2 1 2 2 2 2 2 2 2 2 2 2 2 2 2 2 1 1 2 1 2 1 2 1 2 1 2 1 2 2 2 2 2 2 1 1 2 2 2 1 2 2 2 2 2 2 2 1 2 2 2 1 2 1 2 1 2 1 2 1 2 1 2 1 1 1 2 1 2 1 2 1 2 2 2 1 2 1 2 1 2 1 1 1 2 2 2 2 2 2 2 2 2 2 1 1 2 1 2 2 2 2 2 2 2 1 2 2 2 2 1 1 2 1 2 1 2 1 2 2 2 2 2 1 2 2 1 1 2 1 2 1 1 1 2 1 1 1 2 1 1 1 2 1 2 1 2 1 1 1 2 1 2 1 2 2 1 1 2 1 2 2 2 1 2 1 2 2 2 2 2 1 2 2 2 1 2 1 2 1 2 1 1 1 1 1 2 1 2 1 2 1 2 1 2 2 2 2 1 1 2 1 2 2 2 1 2 1 1 1 2 2 1 1 2 2 2 1 2 1 2 2 2 1 2 1 1 1 2 2 2 2 2 1 2 1 2 2 1 1 2 1 2 2 2 1 2 1 2 1 2 1 2 1
O298 2 2 2 2 2 1 2 1 2 2 2 2 2 2 2 1 2 2 2 2 2 2 2 2 2 1 2 2 2 1 2 2 2 2 2 2 2 2 1 1 2 1 1 1 2 2 2 2 2 1 2 2 2 2 2 2 1 1 2 2 2 2 2 2 2 2 2 1 2 2 2 2 2 2 2 2 1 1 1 1 2 2 1 1 2 1 1 1 2 1 1 1 2 2 2 1 2 1 2 2 1 1 2 2 2 2 2 2 2 1 2 2 2 1 2 1 2 1 1 1 2 2 1 1 1 1 2 2 2 2 1 1 1 1 2 1 2 2 2 2 1 1 2 1 1 1 1 1 1 1 1 1 2 2 2 1 2 2 2 2 2 2 1 1 2 1 2 2 2 2 2 1 2 2 2 2 2 2 2 2 2 2 2 1 2 2 2 1 2 2 2 1 1 1 1 1 2 2 2 1 2 2 2 1 2 1 1 1 2 1 2 1 2 2 2 2 2 2 2 2 2 2 2 2 2 1 2 2 2 2 2 1 2 2 2 1 2 1 2 2 2 2 2 2 2 1 2 2 2 1 2 1 2 2 2 1 2 2 2 2 2 2 2 2 2 1 2 2 2 2 2 2 1 1 1 1 2 1 2 2 2 1 2 1 2 1 2 2 2 2 2 2 2 2 2 2 2 2 2 2 2 1 1 1 2 2 1 1 2 2 2 1 1 1 2 1 2 1 2 1 2 2 1 1 2 2 2 1 1 1 2 2 2 1 1 1 2 2 1 1 2 1 2 2 2 1 2 2 2 2 2 1 2 1 2 1 2 2 2 2 2 2 2 2 2 2 2 2 2 1 2 2 2 1 2 2 1 1 2 1 2 2 2 1 2 2 2 2 2 1 2 2 2 2 2 1 2 1 2 2 2 2 1 1 1 1 2 2 2 2 2 1 1 1 2 1 2 2 2 2 2 2 2 2
O299 2 2 1 1 2 1 1 1 1 1 1 1 2 2 2 2 2 2 2 1 2 2 2 2 2 2 2 2 2 1 2 1 2 1 2 1 2 1 2 2 2 1 2 2 2 1 2 1 2 1 2 1 2 2 1 1 2 1 2 2 2 2 2 1 1 1 2 2 1 1 2 1 2 2 2 2 1 1 2 1 1 1 2 1 2 2 1 1 1 1 1 1 2 2 2 2 2 2 2 1 1 1 2 1 2 2 2 1 2 1 2 2 2 2 2 2 1 1 2 2 1 1 2 2 2 2 2 2 2 1 2 1 2 2 1 1 2 1 2 1 2 2 2 2 2 2 1 1 1 1 2 2 2 2 2 2 1 1 2 2 2 2 2 2 2 1 2 1 2 2 1 1 2 1 2 2 2 2 2 2 2 2 2 2 2 2 1 1 2 2 2 2 1 1 2 1 2 1 2 2 2 1 2 1 2 1 2 2 2 2 2 1 2 2 2 2 2 1 2 2 2 1 2 1 2 2 2 1 2 1 2 2 1 1 2 1 2 2 2 1 2 2 2 1 2 2 2 1 2 1 1 1 1 1 2 1 2 1 2 2 2 2 2 2 1 1 2 1 2 2 2 2 2 2 2 1 1 1 2 2 1 1 2 1 2 1 2 1 2 2 2 2 2 2 2 2 1 1 2 1 2 1 2 2 2 2 1 1 1 1 1 1 2 1 2 2 2 2 1 1 2 2 1 1 2 2 1 1 2 1 2 2 1 1 2 2 2 2 2 2 2 1 2 2 1 1 2 1 2 2 2 1 2 1 1 1 2 1 2 1 2 1 2 2 2 2 2 2 1 1 2 1 1 1 1 1 2 1 1 1 2 2 2 1 2 2 2 1 2 1 2 2 2 1 2 1 1 1 2 2 2 2 2 1 2 1 2 2 2 1 2 1 2 2 2 1 2 1 2 1 2 2 2 1
O301 2 2 1 1 2 1 1 1 1 1 1 1 2 1 2 2 2 2 1 1 2 1 2 1 2 2 2 1 1 1 2 1 2 1 2 2 2 2 2 1 2 2 2 1 2 1 2 2 2 2 2 1 2 2 2 2 1 1 2 2 2 2 2 2 2 1 2 2 2 1 2 1 2 2 2 2 2 1 2 2 2 1 2 2 2 2 1 1 2 1 2 2 2 2 2 1 2 2 2 1 2 1 2 1 2 2 2 1 2 1 2 1 2 2 2 2 2 2 2 1 1 1 2 2 2 2 2 2 2 2 2 1 2 1 1 1 2 1 2 2 2 1 2 2 2 1 2 1 2 1 2 2 1 1 2 1 2 1 2 2 2 2 2 2 2 2 2 1 2 2 2 1 2 1 2 2 2 2 2 2 2 2 2 2 2 1 2 2 2 2 2 1 1 1 2 2 2 1 2 1 2 2 2 2 2 1 2 1 2 2 2 2 2 2 2 2 1 1 2 2 2 2 2 2 2 2 2 1 2 2 2 2 2 2 1 1 2 1 1 1 1 1 2 1 2 1 2 2 2 1 2 1 1 1 2 1 2 2 1 1 2 2 2 1 1 1 2 1 2 2 2 2 2 2 2 2 2 2 2 2 1 1 2 1 2 1 1 1 2 2 2 2 2 1 2 2 1 1 1 1 2 2 1 1 2 2 2 1 2 1 1 1 1 1 1 1 1 1 2 1 2 2 2 2 2 2 2 1 2 2 2 2 2 2 2 2 2 2 2 2 2 1 2 2 1 1 2 1 2 1 2 1 1 1 2 1 2 1 2 1 2 2 2 1 2 2 2 2 1 1 2 2 2 2 1 1 2 1 1 1 2 2 2 1 2 2 2 2 2 1 2 2 1 1 2 2 1 1 2 2 2 2 1 1 2 1 2 2 2 2 1 1 2 2 2 1 2 1 2 2 2 1 2 1
O302 2 1 2 1 2 1 1 1 2 1 2 2 2 2 2 1 2 1 2 1 2 2 2 1 2 2 2 2 1 1 2 1 1 1 2 2 2 2 1 1 2 2 1 1 2 2 2 2 2 1 2 2 2 2 2 2 2 2 2 1 2 2 2 2 2 1 2 1 2 2 1 1 1 1 1 1 1 1 2 1 2 2 1 1 1 1 1 1 2 1 2 2 2 2 2 2 1 1 2 2 2 1 1 1 1 1 1 1 2 2 2 1 2 2 1 1 2 1 2 1 2 1 2 1 2 1 2 1 2 2 2 2 2 1 2 2 2 1 2 1 2 1 2 1 2 1 2 2 2 1 2 1 2 2 2 2 2 1 2 2 2 2 1 1 2 1 1 1 2 1 2 1 2 1 2 2 2 1 2 1 2 1 2 2 1 1 2 2 2 1 1 1 1 1 1 1 2 2 2 2 2 2 2 2 2 2 2 1 2 1 2 2 2 2 1 1 2 1 2 1 2 1 2 2 2 2 2 1 2 2 2 2 2 1 2 1 2 1 2 2 2 1 1 1 1 1 2 2 2 1 2 2 2 1 2 1 2 2 2 2 2 1 2 1 1 1 2 2 2 1 2 1 2 2 1 1 2 2 2 2 1 1 2 1 1 1 2 1 2 2 2 1 1 1 2 1 2 1 2 2 2 1 2 2 2 1 2 1 1 1 2 1 1 1 2 1 2 1 2 1 2 1 1 1 2 2 1 1 1 1 2 1 2 2 2 2 2 1 2 2 2 1 1 1 2 1 2 1 2 1 2 1 2 1 2 1 2 1 1 1 2 1 2 1 2 2 2 2 2 2 2 1 1 1 2 1 2 1 2 1 2 1 2 2 2 2 1 1 2 1 1 1 1 1 2 1 2 1 1 1 2 1 2 2 2 2 2 1 2 1 2 2 2 2 2 2 2 2 2 1 2 2 2 2
O303 2 2 2 1 2 2 2 1 2 1 2 2 2 2 1 1 2 2 1 1 2 2 2 1 2 2 2 1 2 1 2 2 2 2 2 1 2 2 2 2 2 2 2 1 2 2 2 2 2 2 1 1 2 1 2 1 2 2 1 1 2 1 2 1 1 1 2 2 2 2 2 2 1 1 2 2 2 2 2 2 2 2 2 1 2 1 1 1 2 2 2 1 2 2 2 2 2 1 1 1 2 1 2 1 2 1 1 1 2 1 2 2 2 2 2 1 2 2 2 2 2 1 2 1 2 1 2 2 2 2 1 1 1 1 2 2 2 2 2 2 2 1 1 1 2 1 2 2 2 1 1 1 2 2 2 1 1 1 2 2 2 2 2 1 1 1 2 2 2 2 2 2 2 1 2 1 1 1 2 2 2 1 2 2 2 1 1 1 2 2 2 1 2 1 1 1 2 1 2 2 2 2 1 1 2 2 1 1 2 1 2 1 2 1 2 1 1 1 2 1 1 1 2 1 2 1 2 1 2 2 2 1 1 1 1 1 2 1 2 1 2 2 2 2 2 1 2 1 2 2 2 2 2 2 2 2 2 1 2 2 1 1 2 2 1 1 2 2 2 2 1 1 2 1 1 1 1 1 2 2 1 1 2 1 1 1 1 1 2 2 2 2 2 2 2 2 2 2 2 1 2 1 2 2 1 1 1 1 1 1 2 1 2 1 2 1 1 1 1 1 1 1 1 1 2 2 2 2 1 1 2 2 2 2 2 2 2 2 1 1 2 1 2 2 2 2 2 1 2 1 1 1 2 1 2 1 2 1 2 2 2 1 2 2 2 2 2 2 2 1 2 2 2 1 2 2 2 2 2 1 2 2 2 1 2 2 2 1 2 1 2 1 2 2 2 1 2 2 2 1 2 1 2 2 2 2 2 1 2 2 2 1 2 2 2 2 2 1 2 1 2 2 2 1
O304 2 2 2 2 2 2 2 1 2 2 2 2 2 2 1 1 2 2 2 1 2 2 1 1 2 2 2 2 1 1 2 2 2 2 2 1 2 2 1 1 2 2 1 1 2 2 2 2 1 1 2 1 2 2 2 2 2 2 2 2 2 2 2 1 1 1 2 2 2 2 2 1 2 1 2 1 2 2 2 2 2 2 2 1 2 2 1 1 2 1 2 1 2 2 2 2 1 1 2 1 2 2 2 1 2 1 1 1 2 2 2 2 2 2 1 1 2 1 2 2 2 1 1 1 2 1 2 2 2 2 2 1 1 1 1 1 2 2 2 2 2 1 1 1 2 2 2 1 2 2 1 1 2 1 2 1 1 1 2 2 2 2 2 1 2 2 2 1 2 2 2 2 2 1 2 2 1 1 2 2 2 1 2 2 2 1 1 1 2 2 2 1 2 1 1 1 2 1 2 2 2 2 1 1 2 2 1 1 2 1 2 2 1 1 2 1 2 2 2 1 2 1 2 1 2 2 2 1 2 2 2 2 2 1 1 1 2 2 2 1 2 2 2 1 2 1 2 1 2 1 2 2 2 1 2 2 2 1 2 2 1 1 2 2 1 1 2 2 2 2 1 1 2 2 2 1 1 1 2 2 1 1 2 1 1 1 2 1 2 2 2 2 1 1 2 2 2 2 2 1 2 1 2 2 1 1 1 1 1 1 2 1 2 1 2 2 1 1 2 1 2 1 1 1 2 2 2 2 1 1 2 1 2 2 1 1 2 2 2 1 2 1 2 2 2 2 1 1 2 2 1 1 2 2 2 1 2 1 2 2 2 1 2 2 2 2 2 2 2 2 2 1 2 1 2 1 2 1 2 1 2 2 2 1 2 1 2 1 2 1 2 2 2 2 1 1 2 2 2 1 1 1 2 1 2 2 2 1 2 2 2 2 2 2 2 2 1 1 2 1 2 2 2 2
O305 2 1 2 1 2 1 1 1 2 1 2 1 2 1 1 1 2 2 2 1 2 2 1 1 2 2 2 2 2 1 2 2 2 1 2 2 2 2 1 1 2 1 1 1 2 2 2 1 1 1 2 2 2 2 2 1 2 2 2 1 1 1 2 2 2 1 2 2 2 2 2 1 2 1 2 2 2 2 2 2 2 2 2 1 1 1 1 1 2 1 2 2 2 2 2 2 1 1 2 1 1 1 2 1 1 1 2 1 2 2 2 1 2 2 2 1 2 1 2 1 2 1 2 2 2 1 2 2 2 2 2 2 2 1 2 2 2 2 2 1 2 1 1 1 2 1 2 2 2 1 2 2 2 1 2 2 2 1 2 2 2 2 1 1 2 1 1 1 2 2 2 1 2 2 2 2 2 1 2 1 1 1 2 2 2 1 2 1 2 2 2 1 1 1 1 1 2 2 2 2 2 2 2 2 2 2 2 1 1 1 2 2 2 2 1 1 2 2 2 2 2 1 2 1 2 2 2 2 2 1 2 2 2 1 2 1 2 1 2 2 2 1 1 1 2 1 2 2 2 1 2 2 2 1 2 1 2 1 1 1 2 2 2 1 1 1 1 1 1 1 2 1 2 2 2 2 2 1 2 2 1 1 2 2 2 2 2 2 2 2 2 2 2 1 2 2 2 1 2 2 2 2 2 2 2 1 1 1 1 1 2 2 1 1 2 1 2 1 1 1 2 1 1 1 2 2 2 1 1 1 2 1 2 2 2 2 2 2 2 2 2 1 2 2 1 1 1 1 2 1 2 2 2 1 2 1 2 1 2 1 2 1 2 2 2 2 2 2 2 1 2 1 1 1 2 1 2 2 1 1 2 1 2 2 2 1 2 1 2 1 2 1 2 2 2 1 2 1 1 1 2 2 2 2 2 2 2 1 2 1 1 1 2 1 2 2 2 2 1 1 2 2 2 1
O306 2 2 2 2 2 2 2 2 2 2 2 1 1 1 2 1 1 1 2 1 2 2 2 2 2 2 2 2 1 1 2 2 2 1 2 2 2 2 2 2 1 1 1 1 2 2 2 2 2 2 2 2 2 1 2 1 1 1 2 2 2 2 2 2 2 1 2 2 2 2 1 1 1 1 1 1 2 2 1 1 2 2 1 1 2 2 2 2 2 2 2 2 2 2 2 1 2 2 2 2 2 1 2 2 2 1 1 1 2 1 2 1 1 1 1 1 2 1 1 1 2 1 1 1 2 1 2 2 2 1 2 1 2 1 2 1 2 2 2 2 1 1 2 1 1 1 2 2 1 1 2 2 2 2 2 1 1 1 2 2 2 1 2 1 2 1 2 2 2 2 2 1 2 2 2 2 2 2 2 1 2 2 1 1 2 2 2 1 2 2 2 2 1 1 2 1 2 2 2 1 1 1 2 1 2 1 2 2 1 1 2 1 2 2 2 2 2 2 2 1 2 1 2 1 2 1 2 2 2 1 2 2 2 2 2 1 2 1 2 2 2 2 1 1 2 2 2 2 2 2 2 1 1 1 1 1 2 2 1 1 2 2 2 1 1 1 2 2 2 2 2 2 1 1 2 1 2 1 2 2 2 1 2 1 1 1 2 1 2 2 2 1 2 1 2 2 2 2 2 2 2 2 2 1 2 2 1 1 2 1 2 1 2 2 2 1 1 1 2 2 2 2 1 1 2 2 2 2 2 2 2 1 2 2 2 1 2 1 1 1 2 1 2 2 2 1 2 2 2 2 2 2 2 2 1 1 1 1 1 1 2 1 1 1 2 2 2 2 2 1 2 2 2 1 2 2 2 1 1 1 2 2 2 2 2 1 2 2 2 2 2 2 2 2 2 1 2 2 2 2 2 1 2 1 2 1 2 2 2 1 2 2 2 2 2 1 2 2 2 2 2 2 2 2
O307 2 1 2 2 2 1 2 1 2 1 2 2 2 1 2 1 2 2 2 1 2 2 2 1 2 2 2 2 2 1 2 2 2 2 2 2 2 2 2 2 2 2 1 1 2 2 2 2 2 2 2 2 2 2 2 2 2 2 1 1 2 2 2 2 2 2 2 1 2 2 1 1 1 1 1 1 1 1 2 2 2 2 2 1 1 1 1 1 2 2 2 2 2 2 2 2 1 1 2 2 2 1 1 1 2 1 2 1 2 2 1 1 2 2 1 1 2 1 2 1 2 1 2 2 2 2 2 2 2 2 2 1 2 2 2 2 2 1 2 1 1 1 1 1 2 1 2 2 1 1 2 2 2 2 2 2 2 1 2 2 2 2 2 1 2 2 1 1 2 1 2 1 2 1 2 2 1 1 2 2 2 1 2 2 1 1 2 2 2 2 1 1 1 1 1 1 2 2 2 2 2 2 2 1 2 2 2 2 2 2 2 2 2 2 2 1 2 1 1 1 1 1 2 1 2 2 2 1 2 1 2 2 2 2 1 1 2 1 2 1 2 1 1 1 1 1 2 2 2 2 2 1 2 2 2 1 2 1 2 2 2 1 2 2 1 1 2 1 2 1 2 1 2 1 2 2 2 2 2 2 1 1 2 1 2 1 1 1 2 2 2 1 1 1 2 1 2 1 2 1 2 1 2 2 1 1 1 1 2 1 2 1 1 1 2 2 2 1 2 1 2 2 1 1 2 2 1 1 1 1 2 1 2 2 2 2 2 1 2 2 2 1 1 1 2 2 2 1 2 1 1 1 2 1 2 1 2 1 1 1 2 1 2 2 2 2 2 2 2 1 2 2 1 1 2 2 2 1 2 1 1 1 2 1 2 1 2 1 2 1 1 1 2 2 2 2 2 1 1 1 2 1 2 2 2 2 2 1 2 2 2 2 2 2 2 2 2 2 2 1 2 2 2 1
O308 2 2 1 1 2 2 2 2 2 2 2 2 2 1 2 1 2 1 2 1 2 2 1 1 2 2 2 1 1 1 2 1 2 2 2 1 2 2 2 1 2 2 1 1 2 2 2 2 2 2 1 1 2 2 2 1 2 1 2 1 2 2 2 1 1 1 2 1 2 2 2 2 1 1 2 2 2 1 2 2 2 2 2 1 2 1 1 1 2 2 2 2 2 2 2 2 2 1 2 1 2 1 2 1 2 2 2 1 2 2 2 2 2 2 1 1 2 2 2 2 2 1 2 1 2 2 2 1 2 2 1 1 1 1 2 1 2 2 2 2 2 1 1 1 2 1 2 1 2 1 2 1 2 2 2 1 1 1 2 2 2 2 2 2 2 2 1 1 2 2 2 2 2 1 2 2 2 2 2 2 2 1 2 2 2 1 2 1 2 2 2 1 1 1 1 1 2 2 2 2 2 2 1 1 2 2 2 1 2 2 1 1 2 1 2 2 2 2 1 1 2 2 2 2 2 1 2 1 2 2 1 1 2 1 1 1 2 1 2 2 2 2 1 1 1 1 2 2 2 1 2 2 2 2 2 2 2 1 2 2 1 1 2 2 1 1 2 1 2 2 1 1 2 1 1 1 2 1 2 2 2 1 2 1 1 1 2 1 2 2 2 2 1 1 2 2 2 2 1 1 2 2 2 2 1 1 1 1 2 1 2 1 2 2 2 2 2 1 1 1 2 2 1 1 2 2 2 1 1 1 2 2 2 2 2 2 2 2 2 1 2 1 2 2 2 2 2 1 2 2 1 1 2 1 1 1 2 1 2 1 2 1 1 1 2 2 2 2 2 1 1 1 2 1 2 2 2 2 2 1 2 1 2 2 2 2 2 1 2 2 2 1 2 2 2 1 2 1 2 1 2 2 2 2 2 2 2 1 2 1 2 1 2 2 2 2 2 1 2 1 2 2 2 2
O309 2 1 2 2 2 1 1 1 1 1 2 1 2 2 1 1 2 1 1 1 2 2 2 1 2 2 2 2 1 1 2 1 2 1 2 2 2 2 1 1 2 1 2 2 2 2 2 1 2 1 2 2 2 2 2 2 2 2 2 2 2 2 2 2 2 1 2 2 2 2 2 1 1 1 2 1 2 1 2 1 2 1 2 1 1 1 2 1 2 1 2 2 2 2 2 2 1 1 2 1 2 1 2 1 2 1 1 1 2 2 2 2 2 2 2 2 2 1 2 1 2 1 2 1 2 1 2 2 2 2 2 2 2 2 2 2 2 1 2 1 1 1 2 2 2 1 2 2 1 1 2 1 2 2 2 1 2 1 2 2 2 2 2 1 2 1 1 1 2 2 2 1 2 1 2 2 2 1 2 1 2 1 2 2 2 1 2 1 2 1 2 1 1 1 2 1 2 2 2 2 2 1 2 2 2 2 1 1 2 1 2 2 2 2 2 1 1 1 2 1 1 1 2 2 2 2 2 1 2 1 2 2 2 1 2 1 2 1 2 2 2 1 1 1 2 2 2 2 2 2 2 1 2 2 2 1 2 1 2 1 2 1 2 2 1 1 2 1 2 2 2 1 2 2 2 2 2 1 2 2 1 1 2 2 2 2 2 1 2 2 2 2 2 2 2 2 2 1 2 2 2 1 2 2 2 2 1 1 1 1 2 2 1 1 2 2 1 1 2 1 2 1 1 1 2 2 2 1 1 1 2 2 2 2 2 2 2 2 2 2 2 1 2 2 2 2 1 1 2 1 2 2 2 2 2 1 2 1 2 2 1 1 2 1 2 2 2 2 2 1 1 1 2 1 2 2 2 2 2 2 2 2 2 2 2 2 2 1 2 1 1 1 2 2 2 1 2 1 1 1 1 1 2 2 2 2 2 1 2 2 2 2 2 1 2 2 2 2 2 1 2 2 2 1
O311 2 1 2 2 2 1 2 1 2 2 2 1 2 2 2 1 2 1 2 2 2 1 2 2 2 1 1 1 2 2 2 1 2 2 2 2 1 1 2 2 2 1 2 2 2 1 2 1 1 1 2 2 2 1 2 2 2 2 2 1 2 2 2 1 2 1 2 2 2 2 2 2 2 1 2 2 2 2 2 2 1 1 2 2 2 2 1 1 2 2 2 1 2 2 2 2 2 1 2 1 2 2 2 2 2 1 2 2 2 2 2 2 2 1 2 2 2 2 2 2 2 1 2 2 1 1 2 2 2 1 2 2 1 1 1 1 2 1 2 2 2 2 2 1 2 1 2 1 1 1 2 2 1 1 2 1 2 1 2 2 2 2 2 2 2 2 2 1 2 2 2 1 2 1 2 2 2 2 2 2 2 2 1 1 2 2 2 2 1 1 2 1 1 1 2 2 1 1 1 1 1 1 1 1 2 2 1 1 2 2 2 1 2 2 2 2 2 1 2 1 2 2 2 2 2 2 2 2 2 1 2 2 2 2 1 1 2 1 2 2 2 2 2 1 2 1 2 2 2 2 2 1 2 1 2 2 2 2 2 2 2 1 2 2 1 1 2 2 2 2 2 2 2 1 2 1 1 1 2 1 2 1 1 1 2 1 2 1 2 2 2 1 2 2 2 1 2 2 2 2 2 2 2 1 2 2 2 1 2 1 2 2 2 2 2 2 2 1 2 2 2 2 2 1 1 1 1 1 2 1 2 2 2 2 2 2 2 1 1 1 1 1 1 1 2 2 2 2 2 1 2 1 1 1 2 2 2 1 2 1 2 1 2 1 1 1 2 2 2 2 2 2 2 2 2 1 2 2 1 1 2 1 2 2 2 2 1 1 2 2 1 1 1 1 2 1 1 1 2 1 2 2 2 2 2 1 2 1 2 2 1 1 2 2 2 2 2 2 2 2 2 1 2 1
O312 2 2 2 2 2 1 2 2 2 2 2 2 1 1 1 1 2 2 2 1 2 1 2 1 2 1 2 2 2 2 2 2 2 1 2 1 2 2 2 2 2 2 2 2 2 1 2 1 2 1 2 2 2 1 2 2 2 2 2 2 2 2 2 2 2 1 2 2 2 2 2 1 2 2 2 2 2 2 2 1 2 2 2 1 2 1 2 1 2 2 2 1 2 2 2 1 1 1 2 1 2 1 2 2 2 2 1 1 2 1 2 2 2 2 2 1 2 2 2 2 2 2 2 2 2 1 2 1 2 1 1 1 2 2 2 1 2 1 2 2 2 2 2 2 2 1 2 1 1 1 2 2 2 2 2 2 2 1 2 2 2 2 2 2 2 1 2 2 1 1 2 1 2 1 2 1 2 2 2 1 2 1 2 1 2 2 2 1 2 2 1 1 2 2 2 2 2 1 2 2 2 2 2 2 2 2 2 1 2 1 2 1 2 2 2 1 2 2 1 1 2 2 1 1 2 2 2 1 2 1 2 2 1 1 2 2 2 1 2 2 2 1 2 1 2 1 2 1 2 2 2 1 2 1 2 1 2 1 2 1 2 2 2 2 1 1 2 1 2 1 1 1 2 2 2 1 2 2 1 1 2 1 1 1 1 1 2 2 2 2 2 1 2 2 2 1 2 2 2 2 2 1 2 2 2 2 1 1 2 1 2 1 2 2 2 2 2 1 2 2 2 1 1 1 1 1 2 2 2 2 1 1 2 2 2 2 1 1 2 2 2 1 2 2 2 2 2 2 2 1 2 2 2 1 2 1 2 1 2 2 2 1 2 1 2 1 1 1 2 1 2 1 2 1 2 1 1 1 2 1 2 1 2 2 2 1 1 1 2 2 2 1 1 1 2 2 2 1 2 1 1 1 2 1 2 2 2 1 2 1 2 1 2 1 2 1 2 1 2 2 1 1 2 2
O313 2 1 2 2 2 1 2 1 2 2 2 1 2 2 2 1 2 1 2 1 2 2 2 2 2 1 2 2 1 1 1 1 2 1 2 2 2 2 2 2 2 2 2 1 1 1 2 2 2 2 2 2 2 2 2 2 2 1 2 2 1 1 2 2 2 2 2 1 2 1 2 2 1 1 2 1 2 1 2 2 1 1 2 2 2 2 2 2 2 2 1 1 2 1 1 1 2 2 2 1 2 1 2 2 2 1 1 1 2 2 2 1 2 2 2 2 2 1 2 2 2 2 2 2 2 2 2 1 2 2 2 2 1 1 2 2 2 1 2 2 1 1 2 2 2 1 2 1 1 1 2 2 2 2 2 2 2 2 1 1 2 2 2 1 2 2 2 1 2 1 2 1 2 1 2 1 2 1 1 1 2 2 1 1 2 1 2 1 2 1 2 2 2 2 2 2 2 2 2 1 2 2 2 2 2 2 2 2 2 1 2 2 2 2 2 2 2 1 2 1 2 2 2 2 2 1 2 1 2 2 2 2 2 2 1 1 2 1 2 2 2 1 2 2 1 1 2 1 2 2 2 2 2 1 2 2 2 1 2 1 2 2 1 1 2 2 2 1 1 1 2 2 1 1 2 1 2 1 2 2 2 1 2 1 1 1 2 1 2 2 2 2 2 2 2 2 2 1 2 1 2 1 2 2 2 2 2 1 2 2 1 1 2 1 2 2 1 1 2 1 2 2 1 1 2 1 2 2 2 1 2 2 2 2 2 2 2 1 2 2 1 1 2 1 2 2 2 2 2 2 2 2 2 1 2 1 1 1 2 2 1 1 2 2 1 1 1 1 1 1 2 2 2 2 2 2 2 2 2 1 2 1 2 1 1 1 1 1 2 2 2 1 2 2 2 2 2 1 2 2 1 1 2 2 2 2 2 1 2 2 2 1 1 1 2 2 2 2 2 1 2 2 2 2
O314 2 2 2 2 2 1 2 2 1 1 2 2 2 1 2 2 1 1 1 1 2 2 1 1 1 1 2 2 2 2 2 2 1 1 2 1 2 2 2 2 2 2 2 2 2 2 2 1 1 1 2 2 2 1 2 2 1 1 2 1 2 2 1 1 2 2 2 2 2 2 2 1 2 1 2 2 2 2 2 2 2 2 2 2 1 1 2 1 1 1 2 1 2 2 2 2 2 1 2 1 2 2 2 2 2 2 1 1 2 1 2 2 2 2 2 2 2 2 2 2 2 1 2 2 1 1 2 2 2 1 1 1 1 1 2 1 2 2 2 2 2 2 2 2 2 1 2 1 2 2 2 2 2 2 2 2 1 1 2 2 2 2 2 1 2 1 2 2 1 1 2 1 1 1 2 2 1 1 2 1 2 2 2 2 2 2 2 1 2 2 2 1 1 1 2 2 1 1 2 2 2 2 1 1 2 2 2 1 1 1 2 2 2 1 2 1 2 2 2 1 2 2 1 1 2 2 2 2 2 1 2 2 2 1 1 1 1 1 2 2 2 1 2 2 2 2 1 1 2 2 2 1 2 2 2 2 2 2 1 1 2 2 2 2 1 1 2 2 1 1 2 2 2 1 2 1 2 2 2 2 2 1 2 2 2 1 2 2 2 1 2 2 2 2 2 2 2 1 2 2 2 2 2 2 2 2 2 1 2 1 2 1 2 2 2 2 2 1 2 2 2 1 2 1 2 1 2 1 2 2 1 1 2 1 2 1 2 1 2 1 1 1 2 2 2 2 2 2 2 1 2 2 1 1 2 2 2 2 2 2 2 1 1 1 2 1 1 1 2 2 2 2 1 1 2 1 1 1 1 1 2 2 2 2 1 1 1 1 2 2 2 1 2 2 2 2 2 2 2 1 1 1 1 1 2 1 2 2 2 2 2 2 2 1 2 2 2 2 1 1 2 2 2 1
O315 2 2 2 2 2 2 2 2 2 2 2 2 2 1 2 1 2 2 2 2 2 2 2 2 2 1 2 2 2 2 2 2 2 1 2 2 2 1 2 2 2 2 1 1 2 2 2 1 2 1 2 2 2 2 2 2 2 1 2 1 2 2 2 2 2 2 2 1 1 1 2 2 1 1 2 1 2 1 2 2 1 1 2 2 2 1 2 2 2 2 2 2 2 2 2 1 2 1 1 1 2 1 2 1 2 2 2 2 2 1 2 2 2 1 2 2 2 2 2 2 2 2 2 1 2 1 2 1 2 2 2 1 2 1 2 1 2 2 2 1 2 2 2 1 2 2 1 1 2 1 2 2 2 2 2 1 2 1 1 1 2 2 2 2 2 1 1 1 2 2 2 2 2 1 2 2 2 2 2 1 2 2 1 1 2 2 2 2 1 1 2 2 2 1 2 1 1 1 2 1 2 2 2 2 2 2 2 1 2 2 2 2 2 2 2 2 2 2 1 1 2 2 2 2 2 2 2 2 2 2 2 2 2 2 1 1 2 2 2 2 2 1 2 2 2 1 2 2 2 1 2 1 2 1 2 1 2 1 2 1 2 1 2 2 1 1 2 2 2 2 2 2 2 2 1 1 1 1 2 2 2 1 2 1 1 1 2 1 2 2 2 1 2 1 1 1 2 2 2 1 2 1 2 2 2 2 2 1 2 1 2 2 2 1 2 1 2 1 2 2 2 2 1 1 2 1 2 2 1 1 2 1 2 2 2 2 2 2 2 1 2 2 1 1 2 1 1 1 2 1 2 1 1 1 2 1 2 1 2 1 2 1 2 1 2 1 2 2 2 2 1 1 2 1 2 1 2 2 1 1 2 1 2 2 2 2 2 2 2 1 1 1 2 1 2 1 2 2 2 1 2 2 2 1 1 1 2 1 2 2 2 1 2 2 1 1 2 2 2 2 2 1 1 1
O316 2 2 2 2 2 1 2 1 2 1 2 1 2 2 1 1 2 2 2 1 2 1 2 1 2 1 2 2 2 1 2 1 1 1 2 1 2 2 2 1 2 2 2 2 2 1 2 2 1 1 2 2 2 1 2 2 2 2 2 2 2 2 2 1 2 1 2 2 2 1 1 1 2 2 2 2 2 2 1 1 2 2 2 1 2 1 2 1 2 1 2 1 2 2 2 1 2 1 2 1 1 1 2 2 2 1 1 1 2 1 2 1 2 2 2 1 2 2 2 2 2 2 2 2 2 2 2 2 2 2 1 1 2 1 1 1 2 2 2 1 2 2 2 2 2 2 2 1 2 1 2 2 2 2 2 2 2 2 2 2 2 2 2 2 2 1 2 2 2 1 2 1 2 1 2 1 2 2 2 1 2 2 2 1 2 2 2 1 2 1 2 1 1 1 2 1 2 2 2 2 2 2 2 1 2 2 2 1 2 1 2 1 2 1 2 2 2 2 2 1 2 2 2 1 2 2 2 1 2 2 2 1 2 2 2 2 2 1 2 2 1 1 2 1 2 1 2 1 2 1 2 1 2 2 2 1 2 1 2 2 2 2 2 2 1 1 2 2 1 1 2 1 2 1 1 1 2 2 2 1 2 2 2 2 2 1 2 2 2 1 2 2 2 1 2 2 2 2 2 2 2 1 1 1 2 1 1 1 2 2 1 1 2 2 1 1 2 1 2 2 2 2 2 1 2 1 2 1 2 2 1 1 2 2 2 1 1 1 2 2 2 1 2 2 2 2 2 2 2 1 2 2 1 1 2 1 2 1 2 2 2 1 2 1 2 2 1 1 2 1 2 1 1 1 2 1 1 1 1 1 2 2 2 2 1 1 1 1 2 2 2 1 2 2 2 1 2 1 2 2 2 1 1 1 2 2 2 2 1 1 2 1 2 1 2 1 2 1 2 2 2 1 1 1
O317 2 2 2 2 2 1 2 2 2 1 2 2 2 2 2 1 2 1 2 1 2 1 1 1 2 1 2 1 2 2 2 2 1 1 2 1 2 2 2 2 2 2 2 1 2 2 1 1 1 1 2 2 2 1 2 2 2 2 2 2 2 2 2 2 2 1 2 2 2 1 2 1 2 2 2 2 2 2 2 2 2 2 2 1 1 1 2 2 2 1 2 1 2 2 2 1 1 1 1 1 1 1 2 2 2 1 1 1 2 2 2 1 2 2 2 2 2 2 2 2 2 2 2 2 2 2 2 2 2 2 2 1 2 1 1 1 2 2 2 2 2 2 2 2 2 1 2 1 2 1 2 2 2 1 2 2 2 1 2 2 2 2 2 2 2 2 2 2 2 1 2 1 2 1 2 2 2 2 2 1 2 1 2 1 2 2 1 1 2 2 2 2 2 2 2 2 1 1 2 2 2 1 2 1 1 1 2 1 1 1 2 1 2 2 1 1 2 1 1 1 2 2 2 1 2 2 2 2 2 1 2 1 2 2 2 2 2 1 2 2 2 1 2 2 2 2 2 1 2 2 2 1 2 2 2 1 2 2 2 2 2 2 2 2 1 1 2 1 2 1 2 2 2 1 2 1 2 2 2 1 2 2 2 1 1 1 2 2 1 1 2 1 2 2 2 2 2 2 2 2 2 1 2 2 2 2 1 1 2 2 2 2 2 2 2 1 2 2 2 2 2 2 1 1 2 1 2 2 2 2 1 1 2 1 2 1 1 1 2 1 1 1 2 2 1 1 2 2 2 1 2 1 1 1 2 1 2 1 2 2 2 1 1 1 2 1 1 1 2 1 2 1 1 1 1 1 1 1 1 1 1 1 2 2 1 1 1 1 2 2 2 1 2 1 2 1 2 1 2 1 2 1 2 1 2 1 2 2 2 2 2 2 2 2 2 2 2 1 1 1 2 1 1 1
O318 2 1 2 2 2 2 2 1 2 2 2 2 1 1 1 1 2 2 2 2 2 2 2 2 2 2 2 2 2 2 2 1 2 2 2 2 1 1 2 2 2 2 1 1 2 1 2 1 2 1 2 2 2 2 2 2 2 1 2 1 2 2 2 2 2 1 2 1 2 1 2 2 2 2 2 2 2 1 2 2 1 1 2 1 2 1 2 2 2 2 2 1 2 2 2 1 2 1 1 1 2 2 2 2 2 2 1 1 2 2 2 1 1 1 2 2 2 2 2 2 2 2 2 2 2 1 2 1 2 1 2 1 1 1 1 1 2 1 2 2 2 2 2 1 2 1 2 1 2 1 2 1 2 2 1 1 2 2 2 2 2 2 2 2 2 2 1 1 2 2 2 2 2 1 2 2 2 2 2 1 2 2 1 1 2 2 2 2 2 2 2 1 1 1 2 1 1 1 1 1 2 2 1 1 2 2 2 1 2 2 2 2 2 2 2 2 2 2 1 1 2 2 2 2 2 1 2 1 2 2 2 1 2 1 2 1 2 1 2 2 2 1 2 2 1 1 2 2 2 2 2 2 2 1 2 1 2 1 2 2 2 2 2 2 2 1 2 2 2 2 2 2 2 1 1 1 2 1 2 2 2 2 1 1 1 1 2 2 2 1 1 1 2 1 2 1 2 2 2 2 2 2 2 2 2 2 1 1 2 2 2 2 2 1 2 2 2 1 2 2 2 1 1 1 1 1 2 2 2 1 2 1 2 1 2 1 2 1 1 1 2 1 2 1 2 1 2 1 2 1 2 2 2 1 2 1 2 1 1 1 2 1 2 1 2 1 2 2 2 2 1 1 2 2 2 1 2 2 1 1 1 1 2 2 2 1 2 1 2 2 2 1 2 1 2 1 1 1 2 1 2 2 2 1 1 1 1 1 2 2 2 2 2 2 2 2 2 2 2 2 2 1 2 1
O319 2 2 2 2 2 2 1 1 2 1 1 1 1 1 1 1 2 1 2 2 2 2 2 2 2 2 2 1 1 1 1 1 2 1 2 2 2 1 2 2 2 2 2 2 2 2 2 2 2 2 2 2 2 2 2 2 2 2 2 2 2 2 2 2 2 2 2 2 2 1 2 1 2 2 2 2 2 2 2 2 2 2 2 2 2 2 1 1 2 2 2 2 2 1 2 1 2 2 2 2 2 2 2 2 2 2 2 1 2 2 2 2 2 1 2 2 2 2 2 2 2 2 2 2 2 2 2 1 2 2 1 1 2 2 2 1 2 1 2 2 2 2 2 1 2 1 1 1 2 1 2 2 1 1 1 1 2 1 2 1 2 1 2 1 2 2 2 2 2 2 2 1 2 1 2 1 2 2 1 1 1 1 2 2 2 2 2 2 2 1 2 2 1 1 2 1 2 1 2 1 1 1 2 2 2 1 2 1 2 1 2 2 1 1 2 2 2 1 2 1 1 1 2 2 2 2 2 2 2 1 1 1 2 2 2 1 2 1 2 2 2 1 2 2 1 1 2 2 2 2 2 1 2 2 2 2 2 2 2 2 2 2 1 1 1 1 1 1 2 2 1 1 2 2 2 2 1 1 1 1 1 1 2 1 2 1 2 1 1 1 2 2 1 1 2 2 2 2 1 1 2 2 2 2 2 2 2 2 2 1 1 1 1 1 2 2 2 2 2 1 2 2 1 1 2 2 2 1 1 1 2 2 2 2 2 2 2 1 2 2 1 1 2 2 2 2 2 2 2 2 2 2 1 1 1 1 2 1 2 2 2 2 2 2 2 2 2 2 2 2 2 2 2 2 2 1 2 2 1 1 2 2 2 2 1 1 2 2 2 2 2 1 2 2 2 2 2 2 2 2 2 1 2 1 2 1 2 2 2 2 2 2 2 1 2 1 2 2 2 2 2 2 1 1
O321 2 2 2 2 2 1 2 2 2 1 2 1 2 2 2 1 1 1 2 1 2 2 1 1 1 1 2 1 2 2 2 2 1 1 1 1 2 2 2 2 2 1 2 2 1 1 2 1 1 1 2 2 2 1 2 2 1 1 2 2 2 1 2 2 2 1 2 2 2 1 2 1 2 2 2 1 2 2 2 2 2 2 2 1 2 1 2 1 2 1 2 1 2 2 1 1 1 1 1 1 2 1 2 2 1 1 1 1 2 2 2 2 2 2 2 1 2 2 2 2 2 1 2 2 2 2 2 1 2 1 1 1 2 1 2 1 2 2 2 2 2 2 2 2 2 1 2 2 2 1 2 2 2 1 2 2 2 2 2 2 2 2 2 1 2 1 2 2 1 1 2 1 1 1 2 1 1 1 2 1 2 1 2 1 2 2 2 1 2 1 2 1 2 1 2 2 2 1 2 2 2 2 1 1 2 2 1 1 1 1 2 1 2 2 2 2 2 2 2 1 2 2 2 1 2 2 2 1 2 1 2 2 2 1 2 1 2 1 2 2 2 1 2 2 2 1 2 1 2 2 2 1 2 1 2 1 2 2 2 2 2 2 2 2 1 1 2 2 1 1 2 1 2 2 2 1 2 2 2 2 2 1 2 1 2 2 2 2 1 1 2 1 2 1 2 1 2 2 2 2 2 2 1 1 2 2 1 1 2 1 2 2 1 1 2 2 2 1 2 2 2 2 2 1 2 1 2 1 2 2 1 1 2 1 2 1 1 1 2 1 1 1 2 2 2 2 2 2 2 1 2 2 1 1 2 1 1 1 2 2 2 1 1 1 2 1 1 1 2 1 2 1 1 1 1 1 1 1 1 1 1 1 2 2 2 1 1 1 2 2 2 1 1 1 2 2 2 2 2 1 2 1 1 1 2 1 2 2 2 1 2 1 2 2 2 1 2 1 2 1 2 1 2 1
O322 2 2 2 2 2 1 2 1 2 2 2 1 2 1 2 2 1 1 2 2 2 2 2 2 1 1 2 1 2 2 2 2 2 1 2 2 2 2 2 2 2 2 2 1 2 1 2 2 2 1 1 1 2 2 1 1 2 1 2 2 2 2 2 1 2 2 2 1 2 2 1 1 2 1 1 1 2 1 2 1 2 1 2 1 2 2 2 1 2 2 2 1 2 1 1 1 2 2 2 2 2 1 2 2 1 1 2 1 2 1 2 2 2 1 2 2 2 1 2 2 2 2 2 2 2 2 1 1 2 2 1 1 2 1 2 2 2 1 2 2 2 1 1 1 2 2 2 1 2 1 2 2 1 1 2 1 2 1 2 1 2 2 1 1 2 2 2 2 1 1 2 1 1 1 1 1 2 2 1 1 2 1 2 2 2 1 2 1 2 2 2 2 2 1 2 2 1 1 2 1 2 1 2 2 2 2 2 2 2 1 2 2 1 1 2 2 2 1 1 1 2 1 2 2 2 1 2 2 2 2 1 1 2 2 2 1 2 2 2 2 1 1 2 2 2 2 2 2 2 2 2 1 2 2 2 2 2 1 2 1 2 2 1 1 2 1 2 2 2 1 2 1 1 1 2 2 2 1 2 1 2 1 1 1 1 1 2 2 1 1 2 1 1 1 2 1 2 2 1 1 2 2 2 2 2 2 2 2 2 2 2 1 1 1 2 1 2 2 1 1 2 2 1 1 2 2 2 2 2 2 2 2 2 2 2 2 2 1 2 1 2 1 2 2 2 2 2 2 2 1 2 2 2 1 1 1 2 1 2 2 2 1 2 2 2 1 2 2 2 2 2 2 2 1 2 1 2 2 2 1 2 2 2 2 2 2 2 1 2 2 1 1 2 2 2 2 1 1 2 2 2 1 2 1 2 1 2 1 2 1 2 1 2 1 2 1 2 2 2 2 2 1 2 1
O323 2 2 2 2 2 1 2 2 2 1 2 2 2 2 2 1 2 2 2 1 2 2 2 1 2 1 2 2 2 2 2 2 1 1 2 1 2 2 1 1 2 2 2 2 2 1 2 2 1 1 2 2 2 1 2 2 2 1 2 2 2 2 2 2 2 1 2 2 2 2 1 1 2 1 2 2 2 2 2 2 2 2 2 1 2 1 2 1 2 1 2 1 2 2 1 1 1 1 1 1 2 2 2 2 2 2 1 1 2 1 2 1 2 2 2 2 2 2 2 2 1 1 2 2 1 1 2 1 2 1 1 1 2 1 2 2 2 1 2 2 2 2 2 2 2 1 2 1 2 1 2 2 2 2 2 2 2 1 2 2 2 2 2 1 2 1 2 2 1 1 2 1 2 1 2 1 2 2 2 2 2 2 2 1 2 2 2 1 2 1 1 1 2 1 2 2 1 1 2 2 2 1 1 1 2 1 1 1 2 1 2 1 2 1 2 2 2 1 2 1 2 2 2 2 2 2 2 1 2 1 2 1 1 1 2 1 2 1 2 2 1 1 2 1 2 2 2 1 2 1 2 1 2 1 2 1 2 1 2 1 2 2 2 2 1 1 2 1 1 1 2 1 2 1 1 1 2 2 2 2 2 2 2 1 2 1 2 1 2 1 2 1 2 2 2 1 2 2 2 2 2 1 2 2 2 1 1 1 1 1 2 1 2 1 2 1 2 2 2 2 1 1 2 1 1 1 1 1 2 2 2 2 2 2 2 2 1 1 2 2 1 1 2 2 2 2 2 2 2 1 2 2 1 1 2 1 2 1 2 2 2 1 2 1 2 1 1 1 2 2 2 1 1 1 2 1 1 1 1 1 2 1 2 2 2 1 1 1 2 2 2 1 2 1 2 2 2 2 2 2 2 1 2 1 2 2 2 2 2 1 2 1 2 1 2 2 2 1 2 1 1 1 2 2
O324 2 1 2 2 2 1 1 1 2 2 1 1 2 2 2 2 2 1 2 2 2 2 2 2 2 1 2 2 2 2 2 1 1 1 2 2 2 2 2 2 2 2 2 1 2 1 2 2 2 2 2 2 2 2 2 2 2 1 2 2 2 2 2 2 2 2 2 1 2 1 2 1 2 2 2 1 2 1 2 1 1 1 2 2 2 2 2 2 2 1 1 1 1 1 1 1 2 2 2 2 2 1 2 2 2 2 2 1 2 2 2 2 2 1 2 2 2 1 2 2 2 1 2 2 2 2 2 1 2 2 2 2 2 2 2 2 2 1 2 2 2 1 1 1 2 1 2 1 2 1 2 2 2 2 2 2 2 2 2 1 2 1 2 2 2 1 2 1 1 1 2 2 2 2 2 2 2 1 2 1 2 2 2 2 2 1 2 1 2 1 2 2 2 2 2 1 2 2 2 1 2 2 2 2 2 2 2 1 2 2 2 2 2 1 2 2 1 1 1 1 2 2 2 2 2 1 2 2 2 1 2 1 2 2 1 1 2 1 2 2 1 1 2 2 2 1 2 1 2 2 2 2 2 2 2 2 2 1 2 2 2 2 1 1 2 2 2 2 1 1 2 1 1 1 1 1 2 1 2 1 2 1 2 1 2 1 2 1 2 1 2 2 1 1 2 2 2 1 1 1 2 2 2 1 2 2 2 2 1 1 1 1 1 1 2 1 2 1 1 1 2 2 1 1 2 2 2 2 2 1 2 2 2 2 2 2 2 2 2 2 2 1 2 2 2 2 2 2 2 2 2 2 2 1 1 1 2 1 2 2 1 1 2 2 1 1 2 1 1 1 2 2 2 2 2 1 1 1 2 1 2 1 2 1 2 1 2 1 2 1 1 1 2 2 2 1 2 1 2 1 1 1 2 2 2 2 2 1 1 1 1 1 1 1 2 2 2 2 2 1 2 2 2 1
O325 2 1 2 2 2 1 2 2 2 2 2 1 2 2 2 2 2 2 2 1 2 2 2 1 2 2 2 1 2 2 2 1 2 2 2 2 2 1 2 2 2 1 2 2 2 1 2 2 2 1 2 1 2 1 2 2 2 2 2 2 1 1 2 2 2 2 2 1 2 2 2 1 2 2 2 2 2 2 2 2 2 2 2 1 2 2 2 1 1 1 2 1 1 1 2 2 2 2 2 2 1 1 2 2 1 1 2 2 2 2 2 2 2 1 2 2 2 1 2 2 2 2 2 2 2 1 2 2 2 2 1 1 2 1 2 1 2 2 2 1 1 1 2 2 2 1 2 1 2 1 2 2 2 2 2 1 2 2 2 2 1 1 2 1 2 1 2 1 2 2 2 2 2 1 2 1 2 1 2 1 2 2 2 2 2 1 2 2 2 1 2 1 2 2 2 2 1 1 1 1 2 1 2 1 2 1 2 2 2 1 2 2 1 1 2 2 2 1 2 1 2 1 2 2 2 1 2 2 2 1 2 2 2 2 1 1 2 1 2 1 2 2 2 2 1 1 2 1 2 1 2 1 2 2 2 2 2 1 1 1 2 1 1 1 1 1 2 2 2 2 1 1 2 2 2 1 2 1 2 1 2 1 2 2 1 1 2 2 2 1 2 1 2 1 2 2 2 2 2 1 2 2 2 2 2 2 2 2 2 2 2 1 2 2 2 1 2 1 1 1 2 2 2 1 2 1 2 2 2 2 1 1 2 2 2 1 2 1 1 1 2 1 2 1 2 1 2 2 2 1 2 2 2 1 2 1 2 1 2 1 2 2 1 1 2 1 2 2 2 2 2 1 2 2 2 2 2 2 2 2 2 1 2 2 2 2 2 1 2 2 2 2 2 1 2 1 1 1 2 1 1 1 2 2 2 2 2 1 2 1 2 1 2 1 1 1 2 2 2 2 1 1 1 1
O326 2 2 2 2 2 2 1 1 2 1 2 1 2 2 1 1 1 1 2 2 2 2 1 1 1 1 2 1 1 1 1 1 1 1 2 2 2 2 2 2 2 2 2 1 2 1 2 2 2 2 2 1 2 2 1 1 2 1 2 2 2 2 2 2 2 2 2 1 2 1 2 2 2 1 2 2 2 1 2 2 2 1 2 2 2 2 2 1 2 2 2 1 2 1 2 2 2 2 2 2 2 2 2 2 2 1 2 2 2 2 2 1 2 1 2 2 2 2 2 2 2 2 2 2 2 2 1 1 2 2 1 1 2 1 2 1 2 1 2 2 2 2 1 1 2 1 2 1 2 1 2 1 2 1 2 2 2 1 2 1 2 2 2 1 2 2 2 2 2 1 2 1 2 1 2 1 2 2 2 1 2 1 2 2 2 1 2 2 2 2 2 2 1 1 2 1 2 1 2 1 1 1 2 2 2 1 2 1 2 1 2 2 1 1 2 2 2 2 2 1 2 1 1 1 2 2 2 2 2 1 1 1 2 2 2 1 1 1 2 2 1 1 2 2 2 1 2 2 2 1 2 1 2 2 2 2 2 2 2 1 2 2 1 1 2 1 1 1 2 1 2 1 1 1 1 1 2 2 1 1 1 1 2 1 2 1 2 1 2 1 2 2 2 1 2 1 2 2 1 1 2 1 2 2 2 2 2 2 2 1 1 1 2 1 2 2 2 2 2 1 2 2 1 1 1 1 2 1 2 1 2 2 2 2 2 2 2 1 2 2 1 1 2 2 2 2 2 2 2 1 1 1 2 1 2 1 2 1 2 2 2 1 2 1 1 1 2 1 2 2 2 2 2 2 2 1 2 2 2 1 2 2 2 2 2 2 2 1 2 2 2 1 2 2 2 2 1 1 2 2 2 1 2 2 2 2 2 2 1 1 2 2 2 1 2 2 2 2 2 1 2 1 2 1
O327 2 2 2 2 2 1 2 1 2 1 2 2 2 2 2 1 1 1 2 1 2 1 2 1 1 1 2 2 2 2 2 2 1 1 1 1 2 2 2 1 2 1 2 2 1 1 2 1 2 1 2 2 2 1 2 2 1 1 2 1 2 2 2 2 1 1 2 2 2 2 2 2 2 1 2 1 2 2 1 1 2 2 2 1 1 1 2 1 1 1 2 2 2 1 2 1 1 1 2 2 1 1 2 2 1 1 1 1 2 1 2 1 2 2 2 2 2 2 2 2 2 1 2 2 2 2 2 1 2 1 1 1 1 1 1 1 2 2 2 1 2 2 2 2 2 1 2 1 1 1 2 2 2 2 2 2 2 2 2 2 2 2 2 2 2 1 2 2 1 1 2 1 2 1 2 1 2 2 2 1 2 1 2 2 2 2 1 1 2 2 2 1 2 1 2 2 2 1 2 1 2 2 2 2 2 1 2 2 2 2 2 1 2 2 2 1 2 2 2 1 2 2 2 1 2 2 2 2 2 1 2 1 2 2 2 1 2 2 2 2 2 1 2 2 2 2 2 2 2 1 2 1 2 2 2 2 2 1 2 2 2 2 2 2 1 1 2 1 2 1 2 2 2 1 2 2 2 2 2 1 2 1 2 2 2 2 2 1 2 1 2 1 1 1 2 1 1 1 2 2 2 2 1 1 2 2 1 1 2 2 2 1 2 2 2 2 2 2 2 2 2 2 2 1 1 1 2 1 2 2 1 1 2 2 2 1 2 1 2 1 2 1 2 2 2 2 2 2 2 1 2 1 1 1 2 1 1 1 2 2 2 1 2 1 2 2 1 1 2 2 2 1 1 1 2 1 2 1 1 1 1 1 2 2 2 1 2 1 2 2 2 1 2 2 2 1 2 2 2 1 2 2 2 2 2 1 2 2 2 1 2 2 2 1 2 1 1 1 2 1 1 1 2 2
O328 2 2 2 2 2 2 2 1 2 2 2 2 2 2 2 1 2 2 2 2 2 1 2 2 2 2 2 2 2 2 2 1 2 1 2 2 1 1 2 2 2 1 2 2 2 1 2 2 2 1 2 2 2 2 2 2 2 2 2 1 2 2 2 1 2 2 2 1 1 1 2 1 2 1 2 1 2 1 2 2 1 1 2 2 1 1 2 1 2 2 2 2 2 2 2 1 2 1 2 2 2 1 2 2 2 1 1 1 2 1 2 1 2 2 2 2 2 1 2 2 2 2 2 2 2 1 2 1 1 1 2 1 2 1 2 2 2 1 2 1 2 1 2 1 2 1 1 1 2 2 2 1 2 2 1 1 2 1 2 2 2 1 2 2 1 1 2 1 2 2 2 2 2 1 2 2 2 2 2 1 2 2 1 1 2 2 2 1 2 1 2 1 1 1 2 1 2 1 2 1 2 1 2 2 2 2 2 1 2 2 2 2 2 2 2 2 2 2 2 1 2 2 2 2 2 2 2 2 2 2 2 2 2 1 2 1 2 1 2 2 2 2 2 2 2 2 2 2 2 1 2 1 2 1 2 1 2 1 2 1 2 1 2 1 2 1 2 1 2 2 2 2 2 1 1 1 2 2 2 2 1 1 1 1 1 1 2 1 2 1 1 1 2 1 1 1 2 2 2 1 2 2 1 1 2 2 2 1 2 2 2 2 1 1 2 2 1 1 2 2 2 1 2 1 2 1 2 2 2 1 2 2 2 2 2 2 2 2 1 1 2 2 2 2 2 1 2 1 2 1 2 1 2 2 2 1 2 1 2 1 2 2 2 1 2 1 1 1 2 2 1 1 2 1 2 1 2 2 1 1 1 1 2 2 2 2 2 1 2 2 2 1 2 2 2 1 2 1 2 1 2 2 2 1 1 1 2 1 2 2 2 2 2 2 2 1 2 2 2 2 2 1 1 1
O329 2 1 2 2 2 2 2 1 2 2 2 2 2 1 2 1 2 2 2 2 2 2 2 1 2 2 2 1 2 2 2 2 1 1 2 2 1 1 2 2 2 2 2 2 2 1 2 1 2 2 2 1 2 2 2 2 2 2 2 1 2 2 2 2 2 2 2 1 2 1 2 1 1 1 2 2 2 2 2 1 1 1 2 2 1 1 2 1 2 2 2 2 2 2 2 2 1 1 2 1 2 2 2 1 2 1 1 1 2 1 2 1 1 1 2 2 2 1 2 2 2 2 2 2 2 1 2 1 2 1 2 1 2 1 2 1 2 1 2 1 2 1 2 1 2 1 1 1 2 2 2 1 2 2 2 1 2 1 2 2 2 2 2 2 2 1 1 1 2 2 2 1 2 1 2 2 2 2 2 2 2 2 2 2 2 2 2 1 1 1 2 1 1 1 2 2 1 1 2 1 2 1 2 1 2 2 2 1 2 2 2 2 2 2 2 2 2 2 2 1 2 2 2 2 2 2 2 2 2 2 2 2 2 1 1 1 2 1 2 2 2 1 2 2 2 2 2 2 2 2 2 1 1 1 2 2 2 2 2 1 2 1 2 1 1 1 2 2 2 2 2 2 2 2 2 1 1 1 2 2 2 1 2 1 2 1 2 2 2 2 1 1 2 1 1 1 2 2 2 1 2 2 2 1 1 1 1 1 2 2 2 2 2 1 2 2 1 1 2 2 2 1 2 1 2 2 2 1 2 2 1 1 2 2 2 2 2 1 2 1 2 2 1 1 2 1 2 2 2 2 2 1 1 1 2 1 2 1 1 1 2 2 2 1 2 1 2 2 2 1 2 1 2 1 2 1 2 2 1 1 1 1 2 2 2 2 2 1 2 1 2 1 2 1 2 1 2 1 1 1 2 1 2 2 2 2 2 1 2 2 2 2 2 2 2 1 2 1 2 2 2 2 1 1
O331 2 1 2 2 2 1 1 1 2 2 2 2 2 1 2 1 2 2 2 1 2 2 2 2 2 1 2 2 2 2 2 1 2 1 2 1 1 1 2 2 2 1 2 2 2 2 1 1 2 1 2 2 2 1 2 1 1 1 2 2 1 1 1 1 2 1 2 2 2 1 2 2 2 1 2 2 1 1 2 2 1 1 2 1 2 2 2 2 2 2 2 2 1 1 2 1 2 2 2 2 2 1 2 2 2 2 1 1 2 2 2 2 2 2 2 2 1 1 2 2 1 1 2 1 2 2 2 1 1 1 2 2 2 2 2 2 2 1 1 1 2 2 2 1 1 1 2 2 2 2 2 2 2 2 2 2 1 1 2 1 2 2 2 2 2 1 1 1 2 2 2 2 2 2 1 1 2 1 1 1 2 2 2 2 2 2 2 1 2 2 2 2 2 1 2 2 2 2 2 2 2 2 2 2 1 1 2 2 2 2 2 1 2 2 2 2 2 2 1 1 2 1 2 2 2 2 2 2 2 2 2 2 2 2 1 1 2 2 1 1 1 1 2 2 1 1 2 1 2 2 2 2 1 1 2 2 2 2 2 2 2 2 2 2 2 1 2 2 2 2 2 2 1 1 1 1 2 1 2 2 2 1 1 1 1 1 1 1 2 2 2 2 2 1 2 2 2 2 2 2 2 1 1 1 2 2 2 2 2 2 2 1 1 1 1 1 1 1 2 2 2 2 2 1 2 2 2 1 2 2 2 2 2 1 2 2 2 2 2 2 2 2 2 2 2 2 2 2 2 2 2 2 1 1 2 1 2 2 2 1 2 2 2 1 2 2 2 1 2 2 2 2 2 1 2 1 2 2 1 1 2 2 2 2 2 2 1 1 2 1 2 2 2 2 2 2 2 1 2 2 2 2 2 2 2 2 2 2 2 1 2 2 2 2 2 2 2 1 2 2 2 1 2 1
O332 2 1 2 1 2 1 2 1 2 2 2 1 2 2 2 1 2 1 2 2 1 1 2 2 2 2 2 2 2 2 2 2 1 1 2 1 2 1 2 2 2 2 2 2 2 2 2 2 2 2 1 1 2 1 2 1 2 2 2 2 2 2 2 1 2 2 2 2 2 1 2 2 2 2 2 1 2 1 2 2 2 1 2 1 2 2 2 1 2 1 2 1 2 2 2 2 2 1 2 1 2 1 2 2 2 2 1 1 2 2 2 2 2 1 2 2 2 2 2 1 1 1 1 1 2 2 2 2 1 1 2 1 1 1 2 2 2 2 2 1 1 1 2 1 2 1 2 2 2 1 2 2 2 1 1 1 1 1 2 2 2 1 2 2 2 1 2 2 2 2 2 1 2 2 2 1 2 1 2 2 2 2 2 2 1 1 2 1 2 1 2 1 1 1 2 2 2 2 2 1 2 1 2 2 2 2 2 2 1 1 2 2 1 1 2 2 2 2 1 1 2 2 2 2 2 2 2 2 2 2 1 1 2 2 2 1 2 1 1 1 2 1 2 1 2 1 2 2 2 2 2 1 2 2 1 1 2 2 2 2 2 1 2 1 2 2 2 2 1 1 2 2 2 2 2 2 2 2 2 1 1 1 2 1 1 1 1 1 2 2 1 1 2 1 2 2 2 2 2 1 2 2 2 2 2 2 1 1 2 2 2 1 2 2 2 2 1 1 1 1 2 2 2 1 2 2 2 1 2 1 2 1 2 2 1 1 2 2 1 1 1 1 2 2 2 1 2 2 1 1 2 2 2 1 2 1 1 1 2 2 2 2 2 2 1 1 2 1 1 1 2 2 2 2 1 1 1 1 2 1 2 1 1 1 2 2 2 2 2 2 1 1 2 2 2 1 1 1 1 1 2 1 2 2 2 2 2 2 2 2 2 2 2 2 2 2 2 2 1 1 2 2 1 1
O333 1 1 2 2 1 1 2 2 2 2 2 2 2 2 2 2 2 1 1 1 2 2 2 2 2 1 2 1 2 1 2 2 2 2 2 2 2 1 2 2 2 2 2 2 2 2 2 2 2 1 1 1 2 1 2 2 2 2 2 2 2 2 2 2 2 2 2 2 2 2 2 2 1 1 2 2 1 1 2 2 2 2 2 1 2 1 1 1 2 1 2 2 2 1 2 1 2 1 2 2 1 1 2 2 2 2 1 1 2 2 2 1 2 1 2 1 2 1 2 2 2 1 2 1 2 1 2 1 2 2 2 1 1 1 2 2 2 1 2 2 2 1 1 1 2 1 2 2 2 1 2 2 2 2 2 2 2 1 2 2 1 1 2 2 1 1 1 1 2 2 1 1 1 1 2 2 2 2 2 1 2 2 2 1 2 2 2 2 2 1 1 1 2 1 2 1 2 2 2 1 2 2 2 2 2 2 2 2 1 1 2 1 2 2 2 2 2 2 1 1 2 2 2 2 2 2 1 1 2 2 2 2 2 2 2 2 2 1 2 2 1 1 1 1 2 2 2 2 2 1 1 1 2 2 2 2 2 2 2 1 2 2 2 2 1 1 2 2 2 2 2 2 2 2 1 1 2 2 2 2 2 1 2 1 2 1 1 1 2 2 2 2 2 1 2 2 2 2 1 1 2 1 2 2 2 2 2 1 2 2 2 2 2 2 2 2 1 1 2 1 2 2 1 1 2 2 1 1 2 2 2 2 1 1 2 1 2 2 2 2 1 1 2 2 2 2 2 2 2 1 2 2 2 1 2 1 1 1 2 1 2 2 2 1 2 2 2 2 2 2 2 1 2 2 2 1 2 1 2 1 2 2 1 1 2 2 2 2 2 1 2 1 2 1 2 1 2 1 2 2 2 1 2 1 2 1 2 2 2 2 1 1 2 2 2 2 2 2 1 1 2 1 2 1
O334 2 2 2 1 1 1 2 2 2 2 2 1 2 2 2 2 1 1 2 2 2 2 2 1 1 1 2 2 2 2 2 2 2 1 1 1 1 1 2 2 2 2 2 2 2 2 2 2 2 2 1 1 1 1 2 2 2 2 2 2 2 2 2 1 2 2 2 1 2 1 2 2 2 2 2 1 2 2 1 1 2 2 2 2 2 2 2 2 2 1 2 1 2 2 1 1 2 2 2 1 1 1 2 2 2 2 1 1 2 2 2 1 2 2 2 2 1 1 2 2 1 1 1 1 2 2 2 1 1 1 2 1 2 2 2 1 2 2 2 1 2 2 2 1 2 1 2 2 1 1 2 2 2 1 1 1 1 1 2 1 2 2 2 2 2 2 2 2 2 2 1 1 1 1 2 2 1 1 2 2 2 2 2 2 2 2 2 1 1 1 2 1 1 1 2 2 2 2 2 1 2 1 2 2 2 1 2 1 1 1 2 2 2 1 2 1 2 2 2 1 2 2 2 2 2 1 2 2 2 2 1 1 2 1 1 1 2 2 2 2 2 2 1 1 2 2 2 2 2 2 2 2 2 2 2 2 2 2 2 2 2 2 2 2 2 1 2 2 2 2 2 2 2 2 2 2 1 1 2 2 1 1 2 2 1 1 1 1 2 2 1 1 2 2 2 1 2 2 2 1 2 2 2 1 2 2 2 1 1 1 2 1 2 2 2 2 2 1 2 2 2 1 1 1 2 2 1 1 2 2 2 2 2 1 1 1 2 2 1 1 2 1 2 2 1 1 2 2 2 1 2 2 2 1 1 1 2 1 2 1 2 1 2 1 2 2 2 2 1 1 2 2 2 2 1 1 2 1 2 1 2 1 1 1 2 1 2 1 2 1 2 1 2 1 2 1 2 2 2 1 2 2 2 2 2 2 2 2 2 2 2 2 2 2 2 1 1 1 1 1 2 2 1 1
O335 1 1 2 2 2 2 2 1 2 2 2 2 2 2 1 1 1 1 2 2 2 1 1 1 2 1 1 1 2 2 1 1 2 1 2 2 2 2 2 2 1 1 2 2 2 2 2 2 2 2 2 1 2 2 2 1 1 1 2 2 2 2 2 1 1 1 2 2 2 2 2 1 1 1 1 1 2 2 2 1 2 1 2 2 2 2 2 2 2 2 2 2 2 1 2 2 2 2 2 1 1 1 2 2 2 1 2 2 2 2 2 2 2 1 2 2 2 1 1 1 2 2 2 1 2 2 2 2 2 1 1 1 2 2 2 1 1 1 2 1 2 2 2 1 2 1 2 1 2 2 2 1 2 1 2 1 1 1 2 1 2 1 2 1 1 1 2 2 2 1 2 2 1 1 2 1 2 1 2 1 2 2 2 1 2 2 2 2 2 2 2 2 2 2 2 1 2 1 1 1 2 2 1 1 2 2 2 1 2 2 2 2 2 1 2 2 2 1 2 2 2 2 2 2 2 1 2 2 2 1 2 2 2 1 1 1 2 1 2 2 1 1 2 2 2 2 2 2 2 2 2 1 2 2 2 2 2 1 2 1 2 2 2 2 1 1 2 2 2 2 1 1 1 1 1 1 2 1 2 2 1 1 2 1 1 1 2 1 2 2 2 2 2 2 2 2 2 2 1 1 2 2 1 1 2 2 2 1 1 1 2 2 2 1 2 1 1 1 2 1 2 1 2 1 2 2 2 2 2 2 2 1 2 2 2 2 2 2 2 1 2 1 2 2 2 2 2 2 2 2 2 2 2 1 2 1 2 1 2 2 2 2 2 1 2 2 2 2 2 1 2 2 1 1 2 2 2 2 2 1 2 1 2 2 2 1 1 1 2 2 1 1 2 2 2 1 2 1 2 1 1 1 2 2 2 1 2 1 2 1 1 1 2 1 2 1 1 1 1 1 2 1 2 2
O336 2 1 2 2 2 2 2 1 2 2 2 2 2 2 2 1 2 1 1 1 2 1 2 2 1 1 1 1 2 2 2 2 2 2 2 1 2 1 2 2 1 1 2 2 2 2 1 1 2 2 2 1 2 1 2 2 2 1 2 2 1 1 2 1 2 2 2 2 2 1 2 2 2 2 2 2 2 2 2 1 1 1 2 1 2 2 2 2 2 1 2 2 2 1 1 1 1 1 2 2 2 2 2 1 2 2 2 2 2 2 2 2 2 2 2 1 2 2 2 2 2 1 1 1 2 2 2 2 1 1 2 2 2 2 2 2 2 1 2 1 1 1 2 1 2 1 2 1 2 2 2 2 2 1 1 1 2 2 2 2 2 1 2 1 2 2 2 1 2 2 2 2 2 1 2 2 2 2 2 1 2 2 2 2 2 2 2 2 1 1 2 2 2 1 2 2 1 1 2 2 2 1 2 2 2 1 2 2 2 2 2 2 2 2 2 2 2 2 1 1 2 1 2 2 2 2 2 2 2 2 2 1 2 1 2 1 2 1 2 1 1 1 2 1 2 2 2 2 2 2 2 2 2 2 2 2 2 2 2 1 2 1 2 1 2 1 2 2 2 2 2 2 1 1 1 1 2 1 2 2 1 1 2 2 1 1 1 1 2 1 2 2 2 1 1 1 2 2 2 2 2 2 2 1 2 2 2 2 2 2 2 2 1 1 1 1 2 1 2 1 2 1 2 2 2 1 2 1 2 2 1 1 2 1 2 2 2 2 2 2 2 1 2 2 2 2 2 1 2 2 2 2 2 1 2 1 2 1 1 1 2 2 1 1 2 2 2 1 2 2 2 2 1 1 1 1 2 2 2 1 1 1 2 2 1 1 1 1 2 2 2 2 2 1 2 1 2 2 2 2 2 2 2 1 2 1 2 2 2 2 2 2 2 1 2 1 1 1 2 1 2 1 2 2
O337 1 1 2 2 2 1 2 1 2 2 2 1 2 2 2 2 2 1 2 2 2 2 2 1 2 2 2 2 2 2 2 1 1 1 2 2 2 1 2 2 2 2 2 2 2 1 2 2 2 1 2 1 2 1 2 2 2 1 2 2 1 1 2 2 1 1 2 2 2 2 2 1 1 1 1 1 2 2 2 1 2 1 2 1 2 2 2 2 2 1 2 2 2 1 2 1 1 1 2 2 2 1 2 2 2 1 2 2 2 1 2 1 1 1 2 1 1 1 2 1 1 1 2 2 2 2 2 2 2 2 1 1 2 1 2 2 2 2 2 2 2 1 2 2 1 1 2 1 1 1 2 2 2 2 2 1 2 2 2 2 1 1 2 2 1 1 1 1 2 2 1 1 2 1 2 1 2 2 2 2 2 2 2 1 2 1 2 1 2 2 2 2 1 1 2 1 1 1 1 1 2 2 2 1 2 2 2 2 1 1 2 1 2 2 2 2 2 2 1 1 2 2 2 2 2 1 2 1 2 2 2 1 2 2 2 1 2 1 2 1 1 1 2 2 2 2 2 2 2 1 2 1 2 2 1 1 2 1 1 1 2 2 2 2 1 1 2 2 2 1 2 2 1 1 1 1 2 1 2 1 2 2 2 2 1 1 2 1 2 1 2 2 2 1 2 2 2 2 1 1 2 2 2 1 2 2 2 1 1 1 2 1 2 2 2 2 1 1 2 1 2 2 1 1 1 1 1 1 2 2 2 1 2 2 2 1 2 2 2 1 1 1 2 1 2 2 2 1 2 1 2 2 2 2 2 1 1 1 2 2 2 2 2 1 2 2 2 1 2 1 2 2 1 1 1 1 2 1 2 2 2 2 1 1 2 1 2 2 2 2 2 2 2 1 2 1 1 1 2 1 2 1 2 1 2 2 2 2 2 1 1 1 2 2 2 2 2 2 1 1 1 1 2 1
O338 2 1 2 1 2 2 1 1 2 2 2 1 2 2 2 1 2 2 1 1 1 1 2 2 2 1 2 1 2 2 1 1 1 1 2 1 2 2 2 2 2 1 2 2 2 2 2 2 2 1 1 1 2 2 2 2 2 1 2 2 2 2 2 1 1 1 2 2 2 2 2 2 1 1 1 1 2 2 1 1 2 2 2 1 2 2 2 2 2 2 2 2 1 1 2 1 2 2 2 2 1 1 2 1 2 2 1 1 2 2 2 2 2 2 2 1 2 1 2 1 2 1 2 2 2 2 2 2 2 1 2 1 2 2 2 1 2 1 2 2 2 2 2 2 2 1 1 1 2 1 2 1 1 1 2 2 2 1 2 2 2 1 2 1 1 1 2 2 1 1 2 1 2 1 2 2 2 2 2 1 2 2 2 1 2 2 2 1 2 1 2 2 1 1 1 1 1 1 2 1 2 2 2 1 2 2 1 1 2 2 2 1 2 2 2 1 2 1 2 2 2 2 2 2 2 2 2 2 2 2 2 2 2 1 1 1 2 1 2 2 2 1 2 1 2 2 2 2 2 1 2 1 2 2 2 2 2 1 2 1 2 1 2 2 2 1 2 2 2 2 2 2 2 2 2 2 2 1 2 1 1 1 2 2 1 1 2 2 2 2 1 1 2 1 2 2 2 2 1 1 2 2 2 1 2 2 2 2 1 1 2 2 2 1 1 1 2 1 2 2 2 2 2 1 2 2 2 2 2 1 2 2 2 2 2 1 2 2 1 1 2 1 2 2 2 2 2 2 2 1 2 1 2 1 2 1 2 1 2 2 2 2 2 2 2 2 2 2 1 1 2 1 1 1 2 1 2 2 2 1 2 2 2 2 2 2 1 1 2 2 2 1 2 1 1 1 1 1 2 2 2 2 2 1 2 2 2 1 2 2 2 2 2 1 2 1 1 1 2 2 2 2 2 1
O339 2 1 2 1 2 2 2 2 2 2 2 1 2 2 2 1 2 2 2 2 2 1 1 1 2 2 2 2 2 1 2 1 2 1 2 2 2 2 2 2 2 1 2 2 2 1 2 2 2 1 1 1 2 2 2 1 2 2 2 2 2 2 2 1 2 1 1 1 2 1 2 1 2 1 2 2 2 2 1 1 2 2 1 1 2 2 2 2 2 2 2 1 2 2 2 2 1 1 2 2 1 1 2 2 2 2 1 1 2 2 2 2 2 1 2 2 2 2 2 2 1 1 1 1 2 2 2 1 2 1 1 1 1 1 2 2 2 1 2 2 1 1 2 2 2 1 2 2 1 1 2 2 2 1 2 2 1 1 2 2 2 2 2 2 2 2 2 2 2 2 2 1 2 1 2 2 2 2 2 2 2 2 2 1 2 2 2 1 2 1 2 2 1 1 2 2 2 1 2 2 2 1 2 1 2 1 2 2 2 1 2 2 2 2 2 1 2 2 2 1 2 2 2 1 2 1 2 2 2 2 2 2 2 2 1 1 2 1 1 1 2 1 2 2 2 2 2 2 2 2 2 1 2 2 2 2 2 2 2 1 2 2 2 1 2 1 2 2 2 2 2 2 2 2 1 1 2 1 2 2 1 1 2 1 1 1 1 1 1 1 2 1 2 1 2 2 2 2 1 1 2 1 1 1 2 2 1 1 2 2 1 1 2 2 2 1 2 1 2 2 2 2 2 1 2 1 1 1 2 2 1 1 2 2 2 1 2 2 2 1 2 2 2 2 1 1 2 2 2 2 2 2 2 2 2 1 2 1 2 2 2 2 2 1 2 2 2 1 1 1 2 1 2 2 1 1 2 1 2 1 2 1 1 1 2 1 1 1 2 2 2 2 2 2 1 1 1 1 2 1 2 1 2 2 2 2 2 2 2 1 1 1 2 2 2 1 1 1 2 1 2 2 1 1
O341 2 1 2 1 1 1 1 1 2 2 2 2 2 1 2 1 2 2 1 1 2 1 2 2 2 2 1 1 2 2 2 2 2 2 2 2 2 2 2 1 2 1 2 1 2 2 2 2 2 1 2 2 2 1 2 2 2 1 2 2 1 1 2 1 2 1 2 2 2 2 2 2 2 1 2 2 2 1 2 1 1 1 2 2 2 2 2 2 2 2 2 2 2 1 2 2 2 2 1 1 1 1 2 1 2 2 2 1 2 2 2 1 2 2 2 2 2 1 2 1 1 1 2 1 2 1 2 1 2 1 1 1 1 1 2 2 2 2 1 1 2 1 2 2 2 1 2 2 2 1 2 2 2 2 2 1 2 2 1 1 2 1 2 2 2 1 1 1 2 2 2 2 2 2 2 1 2 2 1 1 2 2 1 1 2 2 2 1 1 1 2 2 1 1 2 2 2 1 2 2 2 2 2 2 2 2 2 2 2 1 1 1 2 2 2 2 2 2 1 1 2 2 2 2 2 2 2 2 2 2 2 2 2 2 1 1 1 1 2 2 1 1 2 2 2 1 2 2 2 2 1 1 1 1 2 2 2 2 2 2 2 2 2 2 2 2 2 1 2 2 2 2 2 1 2 1 2 2 2 1 1 1 2 1 1 1 2 2 2 1 2 2 2 2 2 2 2 2 2 2 2 1 2 1 2 2 2 2 1 1 2 2 2 2 2 1 1 1 1 1 2 2 1 1 2 1 2 1 2 2 2 1 2 1 2 2 2 1 2 2 2 1 2 1 2 2 2 1 2 2 2 1 1 1 1 1 2 2 2 2 2 1 1 1 2 1 2 2 2 2 2 2 2 1 1 1 2 1 1 1 2 1 2 1 2 2 2 1 2 2 2 1 2 2 2 2 2 2 2 2 2 2 2 1 2 1 2 2 2 1 2 1 2 1 1 1 2 1 2 2 2 2 1 1
O342 2 1 2 2 2 2 2 1 2 2 2 2 2 1 1 1 2 2 2 1 2 1 2 2 2 1 1 1 2 1 2 2 2 1 2 1 2 1 2 2 2 2 2 2 2 2 2 1 2 1 2 2 2 1 2 1 1 1 1 1 2 2 2 2 2 2 2 2 1 1 2 2 2 1 2 2 2 1 2 2 1 1 2 1 2 2 2 1 2 2 1 1 2 2 2 2 2 2 2 1 2 2 2 2 2 2 2 1 2 1 2 1 2 1 2 2 2 1 1 1 1 1 1 1 2 2 2 2 1 1 2 1 2 2 2 2 2 2 2 2 2 1 2 1 2 1 2 2 2 1 2 2 2 2 2 1 2 1 1 1 2 2 2 2 2 1 1 1 2 2 2 1 2 2 1 1 2 2 2 1 2 2 2 2 2 2 2 2 2 1 2 2 2 1 1 1 2 1 2 2 2 2 2 1 2 1 1 1 2 1 1 1 2 2 2 2 2 1 1 1 2 2 2 2 2 1 2 1 2 2 2 1 2 2 2 1 2 1 2 2 1 1 2 1 2 1 2 1 2 2 1 1 1 1 2 2 2 1 2 2 2 2 2 2 2 2 2 2 2 2 2 2 2 1 1 1 2 1 2 2 2 1 1 1 1 1 2 1 2 2 2 2 2 2 2 2 1 1 2 1 2 2 2 1 2 2 2 1 1 1 2 1 2 2 1 1 2 1 1 1 2 2 2 1 2 1 2 1 2 1 1 1 2 1 2 2 2 1 1 1 2 1 1 1 2 2 2 1 2 1 2 2 2 2 2 1 2 1 2 1 2 2 2 2 2 2 2 1 2 2 2 2 1 1 2 2 2 2 2 1 2 2 2 1 2 1 2 1 1 1 2 2 2 1 2 1 2 1 2 1 2 2 2 2 2 2 2 2 2 2 2 2 2 2 2 2 1 1 1 1 2 2 1 1
O343 2 2 2 1 2 2 1 1 2 2 2 1 2 2 2 1 2 1 2 1 1 1 2 2 1 1 1 1 2 2 1 1 1 1 2 1 2 1 1 1 2 1 2 1 2 2 2 2 2 2 2 1 2 1 2 2 2 1 2 2 2 2 2 1 1 1 2 2 2 2 2 2 2 1 2 2 2 2 1 1 2 2 2 2 2 2 2 2 1 1 2 1 2 1 2 1 2 2 2 2 2 1 2 1 2 2 1 1 2 1 2 1 2 2 2 2 1 1 2 1 2 1 2 1 2 2 2 2 1 1 2 2 2 2 2 1 2 2 2 2 2 2 2 2 2 1 2 1 2 1 2 2 2 1 2 2 2 1 2 2 2 2 2 1 2 1 2 2 2 1 2 2 2 1 2 2 2 2 2 1 2 2 2 2 2 2 2 1 2 2 2 2 1 1 1 1 1 1 2 1 2 2 2 1 2 2 2 1 2 1 1 1 2 1 2 1 2 1 2 1 2 2 2 2 1 1 1 1 2 2 2 2 2 1 1 1 2 1 2 2 1 1 2 1 2 2 2 1 2 1 2 2 2 1 2 2 2 1 2 1 2 2 2 2 2 1 2 2 2 2 2 2 2 1 1 1 2 1 2 1 1 1 2 2 1 1 2 2 2 2 2 1 2 2 2 2 2 1 2 1 2 1 2 1 2 2 2 2 1 1 2 2 2 2 1 1 2 2 2 2 2 1 2 1 2 2 2 2 2 1 2 2 2 2 2 2 2 2 1 1 1 1 2 2 2 2 2 2 2 1 2 1 2 1 2 1 2 1 2 2 2 2 2 2 2 1 2 2 2 1 2 1 2 1 1 1 2 2 2 1 2 2 2 2 2 1 1 1 2 2 1 1 1 1 2 1 1 1 2 2 2 1 1 1 2 2 2 1 2 2 2 2 2 1 1 1 1 1 2 2 2 2 2 2
O344 2 1 2 1 1 1 2 2 2 2 2 2 2 1 2 1 2 1 2 1 2 2 2 2 2 1 2 2 1 1 2 1 2 2 2 2 2 2 2 1 2 2 2 2 2 2 2 2 2 1 2 1 2 2 2 2 2 2 2 2 2 2 2 2 2 2 2 2 2 2 2 2 1 1 2 2 2 1 2 2 2 1 2 1 2 2 2 2 2 2 2 2 2 2 2 2 1 1 2 2 1 1 2 2 2 2 1 1 1 1 2 2 2 2 2 1 2 2 2 2 2 1 2 2 2 2 2 1 2 1 2 2 1 1 1 1 1 1 2 2 2 1 2 1 2 1 2 2 2 1 1 1 2 2 2 2 2 2 2 2 2 1 2 1 2 2 2 2 2 2 1 1 2 2 2 2 2 2 2 2 2 2 1 1 2 2 2 2 2 2 2 1 1 1 2 1 2 1 2 1 2 2 2 2 2 2 2 2 2 2 2 1 2 1 2 1 2 2 2 1 2 2 2 2 1 1 2 2 1 1 2 1 2 2 2 2 2 2 1 1 2 2 2 2 2 1 2 2 2 1 1 1 2 1 2 2 2 1 2 1 2 2 2 2 2 1 2 2 2 2 2 1 1 1 1 1 2 2 2 1 2 1 2 2 2 1 2 1 2 1 2 2 2 2 2 2 2 1 1 1 2 1 1 1 2 2 2 2 2 2 2 1 2 2 1 1 2 1 2 2 2 2 2 2 1 1 2 2 2 1 2 2 2 2 2 2 2 2 2 2 2 2 2 1 2 1 2 2 2 2 2 2 1 1 2 1 2 2 2 2 2 2 2 1 2 2 1 1 1 1 2 1 1 1 1 1 2 2 1 1 2 2 2 1 1 1 2 2 1 1 2 1 2 2 2 1 2 2 2 1 2 1 1 1 2 1 2 2 2 2 2 1 2 2 2 1 1 1 2 1 2 2 2 1
O345 2 2 2 2 1 1 1 1 2 1 2 1 2 2 2 1 2 2 2 1 2 1 2 2 2 2 1 1 2 2 2 2 1 1 2 2 2 2 2 2 2 2 2 2 2 2 1 1 2 2 2 2 2 2 1 1 1 1 2 2 2 1 2 2 2 2 2 2 2 2 2 2 2 2 2 2 2 2 1 1 2 2 2 2 2 2 2 1 2 2 2 1 2 2 2 2 2 2 2 2 2 2 2 2 2 2 1 1 1 1 2 2 2 2 2 2 2 2 2 1 2 1 2 2 2 1 2 2 1 1 2 1 2 1 2 2 2 1 2 2 2 2 2 1 2 2 2 1 2 1 2 2 2 2 1 1 1 1 1 1 2 2 2 2 2 1 2 1 2 2 2 2 2 2 2 2 2 2 2 1 2 2 1 1 2 2 2 2 2 1 2 2 2 2 2 1 2 2 2 2 2 2 2 2 2 2 1 1 2 2 1 1 2 2 2 2 2 1 2 1 2 2 2 2 2 2 2 1 2 2 2 2 1 1 1 1 2 1 2 2 1 1 2 1 2 2 2 2 2 2 2 1 2 1 2 2 2 2 2 2 2 2 2 2 2 1 2 2 2 2 2 2 2 2 1 1 1 1 2 2 2 2 1 1 2 1 2 1 2 2 2 1 2 1 2 2 2 2 2 2 2 2 2 2 2 2 2 2 1 1 1 1 2 1 2 2 1 1 2 1 2 1 2 1 2 1 2 2 2 2 2 1 2 1 2 2 2 2 1 1 2 1 2 1 2 1 2 1 2 2 2 2 1 1 2 1 1 1 2 2 2 2 2 2 2 2 2 2 2 2 2 2 2 2 2 2 2 1 1 1 2 2 2 1 2 2 1 1 1 1 1 1 1 1 2 1 2 1 2 1 2 1 2 2 2 2 2 2 2 2 2 2 2 2 2 1 2 1 2 1 2 2 2 1
O346 2 2 2 2 2 1 1 1 2 2 2 1 2 2 2 1 2 2 1 1 2 2 2 2 2 1 2 2 2 2 2 2 2 1 2 2 1 1 2 1 2 2 2 2 2 2 2 2 1 1 2 1 2 2 2 1 2 1 2 2 1 1 2 2 2 2 2 2 2 2 2 1 1 1 2 2 2 2 1 1 2 1 2 2 2 2 2 1 2 1 2 1 2 1 2 1 1 1 2 1 2 2 2 2 2 1 1 1 2 1 2 2 2 2 2 2 2 1 2 2 2 2 2 2 2 1 2 2 2 1 2 2 2 2 2 2 2 1 2 2 2 2 2 1 2 2 2 1 2 1 2 2 2 2 2 2 1 1 1 1 1 1 2 2 2 1 2 1 2 2 2 1 2 1 2 1 2 2 1 1 2 2 2 1 2 2 2 1 2 1 2 2 2 1 2 2 2 2 2 2 2 2 2 2 2 2 1 1 2 2 2 1 2 2 2 2 2 2 2 2 2 2 2 1 2 2 2 2 2 2 2 2 2 2 1 1 2 1 1 1 1 1 2 2 2 2 2 1 2 1 1 1 1 1 2 2 2 1 2 2 2 2 2 2 2 1 2 2 2 2 2 2 1 1 1 1 2 1 2 2 2 2 1 1 2 1 1 1 2 1 2 1 2 2 2 2 2 2 1 1 2 1 1 1 2 2 2 2 1 1 1 1 1 1 2 1 1 1 1 1 2 2 2 1 2 2 2 2 2 2 2 2 1 1 2 2 2 1 2 2 2 2 2 2 2 2 2 1 2 2 2 2 1 1 1 1 2 1 2 1 2 2 1 1 2 2 2 2 2 2 2 1 2 2 1 1 2 1 1 1 2 2 2 2 2 2 1 1 1 1 2 1 2 2 2 2 2 1 2 1 2 2 2 2 2 1 2 2 2 1 2 2 2 1 1 1 2 1 2 1 2 1 2 2
O347 2 1 2 1 2 2 2 2 2 2 1 1 2 2 2 2 2 1 2 2 1 1 2 2 1 1 2 2 2 2 2 2 1 1 2 1 1 1 2 2 2 2 2 2 2 2 2 2 2 2 1 1 2 1 2 2 1 1 2 2 2 2 2 2 2 1 2 1 1 1 2 2 2 2 2 1 1 1 1 1 2 2 1 1 2 2 1 1 2 2 1 1 2 2 2 2 2 1 2 1 2 1 2 2 2 2 1 1 2 2 2 1 2 1 2 2 2 2 2 2 1 1 1 1 2 2 2 2 2 1 2 1 1 1 2 2 1 1 2 1 2 1 2 2 2 1 2 2 2 2 2 2 2 1 2 1 1 1 2 2 1 1 2 2 2 2 2 2 2 2 1 1 2 2 2 2 2 2 2 2 2 2 2 2 2 2 1 1 1 1 2 2 1 1 2 2 2 2 2 1 2 2 2 2 2 2 2 1 1 1 2 1 2 1 2 2 2 2 2 2 2 2 2 2 2 2 2 2 2 2 1 1 2 2 2 1 1 1 2 2 2 2 2 1 1 1 2 2 2 2 2 2 2 2 2 1 2 2 2 2 1 1 2 1 2 2 2 2 2 1 2 2 2 2 2 1 2 1 2 2 1 1 2 1 1 1 1 1 2 2 1 1 2 2 2 1 2 2 2 1 2 2 2 1 2 2 1 1 2 2 1 1 2 2 2 2 1 1 2 2 2 2 2 2 2 2 2 1 2 2 2 1 2 2 2 1 2 1 1 1 2 1 2 2 2 1 2 2 2 1 2 2 2 2 1 1 2 1 2 2 2 1 2 2 2 2 2 1 2 2 2 2 2 2 1 1 2 2 2 1 2 1 2 2 1 1 2 1 2 1 2 1 2 1 2 2 1 1 2 1 2 1 2 2 2 2 2 2 2 2 2 1 2 1 2 2 1 1 1 1 2 2 1 1
O348 2 1 2 2 2 1 2 1 2 2 1 1 2 2 1 1 2 1 2 2 2 1 2 1 2 2 1 1 2 2 2 2 1 1 1 1 2 2 2 2 2 2 2 2 2 2 1 1 2 1 2 2 2 1 2 1 2 1 2 2 2 2 2 1 2 1 2 1 2 1 2 2 2 2 2 2 2 1 2 1 2 1 2 1 2 2 2 1 2 1 2 2 2 2 2 1 2 1 2 2 2 1 2 2 2 2 1 1 2 1 2 1 2 2 2 2 1 1 1 1 1 1 1 1 2 2 2 2 2 1 2 1 2 1 2 2 2 1 1 1 2 2 2 1 1 1 2 2 2 2 2 2 2 2 1 1 1 1 1 1 2 1 2 1 1 1 2 1 2 2 2 1 2 2 2 2 2 2 2 2 2 2 2 1 2 2 2 2 2 2 2 1 1 1 2 1 2 2 2 2 2 2 2 2 2 1 2 1 2 1 1 1 2 2 2 1 2 2 1 1 2 2 2 2 2 2 2 1 2 2 2 1 2 2 2 2 2 1 2 2 2 1 2 2 2 1 2 1 2 2 2 1 2 1 2 1 2 2 2 2 2 2 2 2 2 2 2 2 2 2 2 2 2 1 1 1 1 1 1 1 2 1 2 1 1 1 2 2 2 2 2 2 2 2 2 2 2 2 2 1 2 2 2 2 2 2 2 2 1 1 2 1 2 1 1 1 2 2 2 1 2 2 2 2 2 1 2 1 2 2 2 1 2 1 2 2 2 1 2 1 2 2 1 1 2 2 1 1 2 2 2 2 2 1 2 1 2 1 1 1 2 2 2 2 2 2 2 1 2 2 2 1 2 1 2 1 2 2 2 1 2 1 2 1 2 2 1 1 2 2 2 1 2 1 1 1 2 1 2 2 2 2 2 1 2 2 2 2 2 2 2 2 2 2 2 2 1 1 2 1 2 2 2 1
O349 2 1 2 1 1 1 2 2 2 2 2 2 2 2 2 2 1 1 2 1 2 2 2 1 2 1 2 1 2 1 1 1 1 1 2 2 2 2 2 2 2 2 2 2 2 2 2 2 2 1 2 2 2 2 2 2 2 1 2 2 2 2 2 2 2 2 2 2 2 2 2 2 1 1 2 2 2 2 2 2 2 2 2 1 2 2 2 2 2 2 2 1 2 2 2 2 2 2 2 2 2 1 2 2 2 2 1 1 1 1 2 2 2 2 2 2 2 2 1 1 2 2 2 2 1 1 2 1 1 1 2 2 2 1 1 1 2 2 2 1 2 1 2 2 2 1 2 2 1 1 2 1 2 2 2 2 2 2 2 2 2 1 2 2 2 2 2 2 2 2 2 1 2 2 2 2 2 2 2 1 2 2 2 2 2 2 2 2 1 1 1 1 1 1 2 1 2 2 2 1 2 2 2 2 2 2 2 2 2 2 2 2 2 1 1 1 2 2 2 1 2 2 2 1 1 1 2 2 2 1 2 1 1 1 2 2 2 2 2 1 2 2 2 2 2 2 2 2 2 1 1 1 2 1 2 2 2 2 2 2 2 2 2 2 2 1 2 1 2 2 2 1 2 2 1 1 2 2 2 1 2 1 2 2 1 1 2 1 2 2 2 2 2 1 2 2 2 2 1 1 2 1 2 1 2 2 2 1 2 2 1 1 2 1 1 1 1 1 2 2 2 1 2 1 2 2 1 1 2 1 2 2 2 2 2 2 2 2 1 1 2 2 2 2 1 1 1 1 2 2 2 2 1 1 1 1 1 1 2 2 2 2 2 2 2 2 2 2 1 1 2 2 2 1 2 1 2 2 1 1 2 2 2 2 2 1 2 1 2 1 2 2 2 2 2 1 2 2 2 1 2 2 1 1 2 2 2 2 2 2 2 1 2 2 1 1 2 2 2 2 2 1 2 1

0  0     !prob. of dad/mum included in the candidates
0  0       !numbers of candiadte males & females
0  0          !#known fater-offspring dyads, paternity exclusion threshold
0  0          !#known moter-offspring dyads, maternity exclusion threshold
0             !#known paternal sibship with unknown fathers
0             !#known maternal sibship with unknown mothers
0             !#known paternity exclusions
0             !#known maternity exclusions
0             !#known paternal sibship exclusions
0             !#known maternal sibship exclusions
